0
0.08646811544895172 -0.9117333889007568 2.0482418537139893
-0.07187376171350479 -0.9094284176826477 2.091076135635376
0.05824364349246025 -0.5408613681793213 2.2096946239471436
-0.09799057990312576 -0.5378767251968384 2.2460713386535645
0.039832040667533875 -0.15182042121887207 2.2971134185791016
-0.11261199414730072 -0.15102042257785797 2.283778190612793
0.12832050025463104 0.31820550560951233 2.385347843170166
-0.20562300086021423 0.32713812589645386 2.361830234527588
0.19314344227313995 0.07552256435155869 2.3772029876708984
-0.26302051544189453 0.06394493579864502 2.3360629081726074
0.22443723678588867 -0.09866343438625336 2.2209126949310303
-0.26502731442451477 -0.179092139005661 2.22678804397583
0.20934613049030304 -0.2092369943857193 2.0713212490081787
-0.23441056907176971 -0.33015936613082886 2.164726734161377
1
0.08687333017587662 -0.9121400117874146 2.0481035709381104
-0.07257691025733948 -0.9104865789413452 2.090639591217041
0.05814291164278984 -0.5409411191940308 2.2096962928771973
-0.09802845865488052 -0.5377287268638611 2.2460060119628906
0.03956256061792374 -0.1518476903438568 2.2972216606140137
-0.11287832260131836 -0.1510002762079239 2.2835006713867188
0.12822990119457245 0.31789496541023254 2.385964870452881
-0.20575866103172302 0.32706084847450256 2.3620729446411133
0.19461241364479065 0.07991015911102295 2.378805637359619
-0.2631188631057739 0.06387044489383698 2.336130380630493
0.24563880264759064 -0.0627201721072197 2.2066211700439453
-0.2651144862174988 -0.1791331022977829 2.2267158031463623
0.21949340403079987 -0.1711435616016388 2.0440001487731934
-0.23274974524974823 -0.3307780921459198 2.1649489402770996
2
0.08687333017587662 -0.9121400117874146 2.0481035709381104
-0.07257691025733948 -0.9104865789413452 2.090639591217041
0.05814291164278984 -0.5409411191940308 2.2096962928771973
-0.09802845865488052 -0.5377287268638611 2.2460060119628906
0.03956256061792374 -0.1518476903438568 2.2972216606140137
-0.11287832260131836 -0.1510002762079239 2.2835006713867188
0.12822990119457245 0.31789496541023254 2.385964870452881
-0.20575866103172302 0.32706084847450256 2.3620729446411133
0.19461241364479065 0.07991015911102295 2.378805637359619
-0.2631188631057739 0.06387044489383698 2.336130380630493
0.24563880264759064 -0.0627201721072197 2.2066211700439453
-0.2651144862174988 -0.1791331022977829 2.2267158031463623
0.21949340403079987 -0.1711435616016388 2.0440001487731934
-0.23274974524974823 -0.3307780921459198 2.1649489402770996
3
0.0867125540971756 -0.9125617146492004 2.0481009483337402
-0.07236932218074799 -0.910584568977356 2.0906882286071777
0.058249861001968384 -0.5406296849250793 2.208956241607666
-0.09808249026536942 -0.5375381112098694 2.2457680702209473
0.03921069949865341 -0.15206487476825714 2.297072649002075
-0.11337040364742279 -0.15122011303901672 2.28328537940979
0.12791277468204498 0.3176879584789276 2.386489152908325
-0.20585104823112488 0.32700350880622864 2.3621222972869873
0.19693785905838013 0.08813658356666565 2.3819665908813477
-0.2631804943084717 0.063787542283535 2.3361895084381104
0.26322391629219055 -0.03333787992596626 2.1986355781555176
-0.26519978046417236 -0.17909212410449982 2.2267398834228516
0.23436568677425385 -0.13078242540359497 2.004680633544922
-0.23563073575496674 -0.3307715654373169 2.1680283546447754
4
0.0867125540971756 -0.9125617146492004 2.0481009483337402
-0.07236932218074799 -0.910584568977356 2.0906882286071777
0.058249861001968384 -0.5406296849250793 2.208956241607666
-0.09808249026536942 -0.5375381112098694 2.2457680702209473
0.03921069949865341 -0.15206487476825714 2.297072649002075
-0.11337040364742279 -0.15122011303901672 2.28328537940979
0.12791277468204498 0.3176879584789276 2.386489152908325
-0.20585104823112488 0.32700350880622864 2.3621222972869873
0.19693785905838013 0.08813658356666565 2.3819665908813477
-0.2631804943084717 0.063787542283535 2.3361895084381104
0.26322391629219055 -0.03333787992596626 2.1986355781555176
-0.26519978046417236 -0.17909212410449982 2.2267398834228516
0.23436568677425385 -0.13078242540359497 2.004680633544922
-0.23563073575496674 -0.3307715654373169 2.1680283546447754
5
0.08716705441474915 -0.9121434688568115 2.0482285022735596
-0.07225427776575089 -0.912783145904541 2.0902669429779053
0.0580940879881382 -0.5404437780380249 2.2090115547180176
-0.0981852114200592 -0.5375874042510986 2.245584487915039
0.039113808423280716 -0.15209122002124786 2.297043800354004
-0.11354757845401764 -0.15124477446079254 2.283224582672119
0.12746058404445648 0.31758058071136475 2.3878421783447266
-0.20602674782276154 0.32693302631378174 2.3621819019317627
0.2028437852859497 0.09681864082813263 2.383024215698242
-0.2635011076927185 0.06371373683214188 2.3364789485931396
0.28779783844947815 0.030989564955234528 2.179334878921509
-0.26419302821159363 -0.18755950033664703 2.2227399349212646
0.25693827867507935 -0.05571833997964859 1.9643473625183105
-0.2312680333852768 -0.33627188205718994 2.1706650257110596
6
0.08716705441474915 -0.9121434688568115 2.0482285022735596
-0.07225427776575089 -0.912783145904541 2.0902669429779053
0.0580940879881382 -0.5404437780380249 2.2090115547180176
-0.0981852114200592 -0.5375874042510986 2.245584487915039
0.039113808423280716 -0.15209122002124786 2.297043800354004
-0.11354757845401764 -0.15124477446079254 2.283224582672119
0.12746058404445648 0.31758058071136475 2.3878421783447266
-0.20602674782276154 0.32693302631378174 2.3621819019317627
0.2028437852859497 0.09681864082813263 2.383024215698242
-0.2635011076927185 0.06371373683214188 2.3364789485931396
0.28779783844947815 0.030989564955234528 2.179334878921509
-0.26419302821159363 -0.18755950033664703 2.2227399349212646
0.25693827867507935 -0.05571833997964859 1.9643473625183105
-0.2312680333852768 -0.33627188205718994 2.1706650257110596
7
0.08744154870510101 -0.9122235774993896 2.048393726348877
-0.07171095162630081 -0.9126740097999573 2.090261936187744
0.0576399564743042 -0.5405000448226929 2.2086737155914307
-0.09823105484247208 -0.537754237651825 2.2451364994049072
0.0382864773273468 -0.1523316204547882 2.2972187995910645
-0.11443743109703064 -0.151325061917305 2.2831389904022217
0.12716850638389587 0.31761810183525085 2.3893511295318604
-0.2061246931552887 0.32694166898727417 2.36222243309021
0.21248050034046173 0.1104789450764656 2.381521701812744
-0.2637368440628052 0.06366356462240219 2.3365390300750732
0.3021191358566284 0.04785049334168434 2.1789028644561768
-0.26532813906669617 -0.18475790321826935 2.223374366760254
0.3045005202293396 0.0313275046646595 1.954886555671692
-0.23551124334335327 -0.33293238282203674 2.1698508262634277
8
0.08744154870510101 -0.9122235774993896 2.048393726348877
-0.07171095162630081 -0.9126740097999573 2.090261936187744
0.0576399564743042 -0.5405000448226929 2.2086737155914307
-0.09823105484247208 -0.537754237651825 2.2451364994049072
0.0382864773273468 -0.1523316204547882 2.2972187995910645
-0.11443743109703064 -0.151325061917305 2.2831389904022217
0.12716850638389587 0.31761810183525085 2.3893511295318604
-0.2061246931552887 0.32694166898727417 2.36222243309021
0.21248050034046173 0.1104789450764656 2.381521701812744
-0.2637368440628052 0.06366356462240219 2.3365390300750732
0.3021191358566284 0.04785049334168434 2.1789028644561768
-0.26532813906669617 -0.18475790321826935 2.223374366760254
0.3045005202293396 0.0313275046646595 1.954886555671692
-0.23551124334335327 -0.33293238282203674 2.1698508262634277
9
0.08796388655900955 -0.9126434326171875 2.048356294631958
-0.07109315693378448 -0.9130226373672485 2.0904481410980225
0.057202063500881195 -0.5400923490524292 2.2083446979522705
-0.09895718842744827 -0.5436171889305115 2.2436821460723877
0.03745992109179497 -0.15246981382369995 2.297250986099243
-0.1153268814086914 -0.1513889878988266 2.2831718921661377
0.1269027292728424 0.31753408908843994 2.390393018722534
-0.20638558268547058 0.32701006531715393 2.3622841835021973
0.22655624151229858 0.11680232733488083 2.375192642211914
-0.26459479331970215 0.06340060383081436 2.336101770401001
0.3193678855895996 0.1276368945837021 2.164626121520996
-0.2663584053516388 -0.18323294818401337 2.2241463661193848
0.32825127243995667 0.17666655778884888 1.9590591192245483
-0.23628593981266022 -0.33218029141426086 2.1652140617370605
10
0.08796388655900955 -0.9126434326171875 2.048356294631958
-0.07109315693378448 -0.9130226373672485 2.0904481410980225
0.057202063500881195 -0.5400923490524292 2.2083446979522705
-0.09895718842744827 -0.5436171889305115 2.2436821460723877
0.03745992109179497 -0.15246981382369995 2.297250986099243
-0.1153268814086914 -0.1513889878988266 2.2831718921661377
0.1269027292728424 0.31753408908843994 2.390393018722534
-0.20638558268547058 0.32701006531715393 2.3622841835021973
0.22655624151229858 0.11680232733488083 2.375192642211914
-0.26459479331970215 0.06340060383081436 2.336101770401001
0.3193678855895996 0.1276368945837021 2.164626121520996
-0.2663584053516388 -0.18323294818401337 2.2241463661193848
0.32825127243995667 0.17666655778884888 1.9590591192245483
-0.23628593981266022 -0.33218029141426086 2.1652140617370605
11
0.08846405148506165 -0.9128491878509521 2.048466444015503
-0.0721556693315506 -0.9153510928153992 2.0893969535827637
0.057125505059957504 -0.5402096509933472 2.207507371902466
-0.0992513969540596 -0.5410911440849304 2.241478681564331
0.03687383607029915 -0.15283657610416412 2.2973432540893555
-0.11601348966360092 -0.15171024203300476 2.283212423324585
0.12717263400554657 0.3164662718772888 2.391953945159912
-0.2064628303050995 0.32701823115348816 2.362077236175537
0.2549326419830322 0.13441556692123413 2.3492841720581055
-0.2654167413711548 0.06290018558502197 2.335719108581543
0.31335195899009705 0.231063112616539 2.124570608139038
-0.2676827311515808 -0.18139763176441193 2.224818468093872
0.34117937088012695 0.2822120189666748 1.9803587198257446
-0.23758091032505035 -0.33410486578941345 2.165107011795044
12
0.08846405148506165 -0.9128491878509521 2.048466444015503
-0.0721556693315506 -0.9153510928153992 2.0893969535827637
0.057125505059957504 -0.5402096509933472 2.207507371902466
-0.0992513969540596 -0.5410911440849304 2.241478681564331
0.03687383607029915 -0.15283657610416412 2.2973432540893555
-0.11601348966360092 -0.15171024203300476 2.283212423324585
0.12717263400554657 0.3164662718772888 2.391953945159912
-0.2064628303050995 0.32701823115348816 2.362077236175537
0.2549326419830322 0.13441556692123413 2.3492841720581055
-0.2654167413711548 0.06290018558502197 2.335719108581543
0.31335195899009705 0.231063112616539 2.124570608139038
-0.2676827311515808 -0.18139763176441193 2.224818468093872
0.34117937088012695 0.2822120189666748 1.9803587198257446
-0.23758091032505035 -0.33410486578941345 2.165107011795044
13
0.08797308057546616 -0.9150145649909973 2.0478920936584473
-0.07143492251634598 -0.9158368110656738 2.0893948078155518
0.05664346367120743 -0.5394718050956726 2.206632614135742
-0.09949632734060287 -0.5388665795326233 2.2379658222198486
0.0363597609102726 -0.15311527252197266 2.297196626663208
-0.11672086268663406 -0.1519944667816162 2.2834534645080566
0.12778346240520477 0.3158112168312073 2.392622947692871
-0.20659689605236053 0.3271699547767639 2.3620150089263916
0.26567381620407104 0.14298807084560394 2.3412232398986816
-0.2666373550891876 0.06270336359739304 2.3353524208068848
0.32044804096221924 0.28465068340301514 2.156728982925415
-0.2686461806297302 -0.18087145686149597 2.2248892784118652
0.33335238695144653 0.39152073860168457 2.0324807167053223
-0.23789477348327637 -0.3369295597076416 2.169309377670288
14
0.08797308057546616 -0.9150145649909973 2.0478920936584473
-0.07143492251634598 -0.9158368110656738 2.0893948078155518
0.05664346367120743 -0.5394718050956726 2.206632614135742
-0.09949632734060287 -0.5388665795326233 2.2379658222198486
0.0363597609102726 -0.15311527252197266 2.297196626663208
-0.11672086268663406 -0.1519944667816162 2.2834534645080566
0.12778346240520477 0.3158112168312073 2.392622947692871
-0.20659689605236053 0.3271699547767639 2.3620150089263916
0.26567381620407104 0.14298807084560394 2.3412232398986816
-0.2666373550891876 0.06270336359739304 2.3353524208068848
0.32044804096221924 0.28465068340301514 2.156728982925415
-0.2686461806297302 -0.18087145686149597 2.2248892784118652
0.33335238695144653 0.39152073860168457 2.0324807167053223
-0.23789477348327637 -0.3369295597076416 2.169309377670288
15
0.08783182501792908 -0.9148749709129333 2.047781229019165
-0.07116822898387909 -0.9165666103363037 2.0895020961761475
0.05621786043047905 -0.5385056138038635 2.205453872680664
-0.0996469259262085 -0.5452511310577393 2.2354633808135986
0.035956766456365585 -0.1534498929977417 2.297208547592163
-0.11720265448093414 -0.15224836766719818 2.2835581302642822
0.12802597880363464 0.31540119647979736 2.3926165103912354
-0.20664939284324646 0.32719552516937256 2.3619823455810547
0.2989141047000885 0.18393760919570923 2.3020107746124268
-0.26798874139785767 0.06220918893814087 2.335022449493408
0.31277230381965637 0.36362555623054504 2.1605234146118164
-0.2697208523750305 -0.18065986037254333 2.2249488830566406
0.3173704743385315 0.4956502318382263 2.077202796936035
-0.2427365481853485 -0.33363115787506104 2.164224863052368
16
0.08783182501792908 -0.9148749709129333 2.047781229019165
-0.07116822898387909 -0.9165666103363037 2.0895020961761475
0.05621786043047905 -0.5385056138038635 2.205453872680664
-0.0996469259262085 -0.5452511310577393 2.2354633808135986
0.035956766456365585 -0.1534498929977417 2.297208547592163
-0.11720265448093414 -0.15224836766719818 2.2835581302642822
0.12802597880363464 0.31540119647979736 2.3926165103912354
-0.20664939284324646 0.32719552516937256 2.3619823455810547
0.2989141047000885 0.18393760919570923 2.3020107746124268
-0.26798874139785767 0.06220918893814087 2.335022449493408
0.31277230381965637 0.36362555623054504 2.1605234146118164
-0.2697208523750305 -0.18065986037254333 2.2249488830566406
0.3173704743385315 0.4956502318382263 2.077202796936035
-0.2427365481853485 -0.33363115787506104 2.164224863052368
17
0.0873837098479271 -0.915297269821167 2.0475845336914062
-0.07119327038526535 -0.9160947799682617 2.0888423919677734
0.05594143643975258 -0.5376928448677063 2.2035293579101562
-0.09992929548025131 -0.5464869737625122 2.2337911128997803
0.03525649383664131 -0.15444506704807281 2.297086000442505
-0.11814283579587936 -0.15290820598602295 2.2834599018096924
0.1291833370923996 0.3107883930206299 2.3907501697540283
-0.2067483365535736 0.32721537351608276 2.3619420528411865
0.30672523379325867 0.18140992522239685 2.2906153202056885
-0.269846111536026 0.061173029243946075 2.3342714309692383
0.3000447154045105 0.4284934401512146 2.182699680328369
-0.2708214223384857 -0.1806430071592331 2.224999189376831
0.2937779128551483 0.5825109481811523 2.1568264961242676
-0.24743610620498657 -0.3347638249397278 2.1661312580108643
18
0.0873837098479271 -0.915297269821167 2.0475845336914062
-0.07119327038526535 -0.9160947799682617 2.0888423919677734
0.05594143643975258 -0.5376928448677063 2.2035293579101562
-0.09992929548025131 -0.5464869737625122 2.2337911128997803
0.03525649383664131 -0.15444506704807281 2.297086000442505
-0.11814283579587936 -0.15290820598602295 2.2834599018096924
0.1291833370923996 0.3107883930206299 2.3907501697540283
-0.2067483365535736 0.32721537351608276 2.3619420528411865
0.30672523379325867 0.18140992522239685 2.2906153202056885
-0.269846111536026 0.061173029243946075 2.3342714309692383
0.3000447154045105 0.4284934401512146 2.182699680328369
-0.2708214223384857 -0.1806430071592331 2.224999189376831
0.2937779128551483 0.5825109481811523 2.1568264961242676
-0.24743610620498657 -0.3347638249397278 2.1661312580108643
19
0.0868314877152443 -0.9169719815254211 2.047328233718872
-0.07132355868816376 -0.9160346388816833 2.0884575843811035
0.05562478303909302 -0.5361101031303406 2.2005937099456787
-0.09972338378429413 -0.5466346144676208 2.2323360443115234
0.034981969743967056 -0.15477396547794342 2.29681658744812
-0.11856421828269958 -0.1530643254518509 2.2834959030151367
0.12961208820343018 0.3113176226615906 2.3898513317108154
-0.20656079053878784 0.32737037539482117 2.361717939376831
0.32830721139907837 0.22464393079280853 2.2539255619049072
-0.2719455063343048 0.05864650011062622 2.3324410915374756
0.2820467948913574 0.48006030917167664 2.212545156478882
-0.2730073928833008 -0.18153412640094757 2.2246360778808594
0.2576245665550232 0.6229999661445618 2.211071491241455
-0.2492310255765915 -0.33639347553253174 2.1686320304870605
20
0.08597391843795776 -0.9194711446762085 2.0461792945861816
-0.07141108810901642 -0.9165205359458923 2.0881850719451904
0.05536569282412529 -0.5352358818054199 2.198972463607788
-0.0999600887298584 -0.5473262071609497 2.2311770915985107
0.034581005573272705 -0.15524588525295258 2.296427011489868
-0.11907266080379486 -0.15347309410572052 2.2834715843200684
0.1299958974123001 0.31186187267303467 2.3889403343200684
-0.2067207247018814 0.32728222012519836 2.3615360260009766
0.313842236995697 0.2463524490594864 2.2655906677246094
-0.272928386926651 0.057253140956163406 2.332261323928833
0.27504444122314453 0.46402648091316223 2.2258551120758057
-0.2745896279811859 -0.182592511177063 2.2243807315826416
0.22525225579738617 0.6319344639778137 2.2688443660736084
-0.25109508633613586 -0.3363651931285858 2.1662168502807617
21
0.08597391843795776 -0.9194711446762085 2.0461792945861816
-0.07141108810901642 -0.9165205359458923 2.0881850719451904
0.05536569282412529 -0.5352358818054199 2.198972463607788
-0.0999600887298584 -0.5473262071609497 2.2311770915985107
0.034581005573272705 -0.15524588525295258 2.296427011489868
-0.11907266080379486 -0.15347309410572052 2.2834715843200684
0.1299958974123001 0.31186187267303467 2.3889403343200684
-0.2067207247018814 0.32728222012519836 2.3615360260009766
0.313842236995697 0.2463524490594864 2.2655906677246094
-0.272928386926651 0.057253140956163406 2.332261323928833
0.27504444122314453 0.46402648091316223 2.2258551120758057
-0.2745896279811859 -0.182592511177063 2.2243807315826416
0.22525225579738617 0.6319344639778137 2.2688443660736084
-0.25109508633613586 -0.3363651931285858 2.1662168502807617
22
0.0856672078371048 -0.9201443195343018 2.046110153198242
-0.07133078575134277 -0.9165358543395996 2.087930679321289
0.055161964148283005 -0.5357497930526733 2.1966161727905273
-0.09974407404661179 -0.5474903583526611 2.229928970336914
0.03436078131198883 -0.15561175346374512 2.295989990234375
-0.11942791938781738 -0.15390841662883759 2.2834956645965576
0.1304362416267395 0.31179001927375793 2.3880903720855713
-0.20677390694618225 0.3270646929740906 2.3613593578338623
0.315643846988678 0.26899927854537964 2.256438970565796
-0.2736077606678009 0.05653994902968407 2.3321499824523926
0.23721785843372345 0.5398155450820923 2.259922504425049
-0.2757727801799774 -0.18374158442020416 2.224543571472168
0.1991056203842163 0.6449311375617981 2.3059465885162354
-0.250707745552063 -0.3369188904762268 2.167246103286743
23
0.0856672078371048 -0.9201443195343018 2.046110153198242
-0.07133078575134277 -0.9165358543395996 2.087930679321289
0.055161964148283005 -0.5357497930526733 2.1966161727905273
-0.09974407404661179 -0.5474903583526611 2.229928970336914
0.03436078131198883 -0.15561175346374512 2.295989990234375
-0.11942791938781738 -0.15390841662883759 2.2834956645965576
0.1304362416267395 0.31179001927375793 2.3880903720855713
-0.20677390694618225 0.3270646929740906 2.3613593578338623
0.315643846988678 0.26899927854537964 2.256438970565796
-0.2736077606678009 0.05653994902968407 2.3321499824523926
0.23721785843372345 0.5398155450820923 2.259922504425049
-0.2757727801799774 -0.18374158442020416 2.224543571472168
0.1991056203842163 0.6449311375617981 2.3059465885162354
-0.250707745552063 -0.3369188904762268 2.167246103286743
24
0.08451253175735474 -0.9210467338562012 2.045875310897827
-0.07158288359642029 -0.9170318245887756 2.087812662124634
0.05512026697397232 -0.5364696383476257 2.194383382797241
-0.09996739029884338 -0.5474693179130554 2.2284610271453857
0.03383522108197212 -0.1561073362827301 2.2956039905548096
-0.1199820265173912 -0.15453782677650452 2.283810615539551
0.13008363544940948 0.3119431734085083 2.3863556385040283
-0.20678192377090454 0.3270232677459717 2.3613533973693848
0.31481462717056274 0.2950482666492462 2.247943878173828
-0.2743367850780487 0.055706676095724106 2.332048177719116
0.23585601150989532 0.539470911026001 2.262169122695923
-0.27681055665016174 -0.18449141085147858 2.2249841690063477
0.18381132185459137 0.6379494667053223 2.341879367828369
-0.25306013226509094 -0.338573157787323 2.172548532485962
25
0.08451253175735474 -0.9210467338562012 2.045875310897827
-0.07158288359642029 -0.9170318245887756 2.087812662124634
0.05512026697397232 -0.5364696383476257 2.194383382797241
-0.09996739029884338 -0.5474693179130554 2.2284610271453857
0.03383522108197212 -0.1561073362827301 2.2956039905548096
-0.1199820265173912 -0.15453782677650452 2.283810615539551
0.13008363544940948 0.3119431734085083 2.3863556385040283
-0.20678192377090454 0.3270232677459717 2.3613533973693848
0.31481462717056274 0.2950482666492462 2.247943878173828
-0.2743367850780487 0.055706676095724106 2.332048177719116
0.23585601150989532 0.539470911026001 2.262169122695923
-0.27681055665016174 -0.18449141085147858 2.2249841690063477
0.18381132185459137 0.6379494667053223 2.341879367828369
-0.25306013226509094 -0.338573157787323 2.172548532485962
26
0.08394357562065125 -0.9225201606750488 2.044867753982544
-0.07207107543945312 -0.9187588691711426 2.0875720977783203
0.05505884438753128 -0.5375129580497742 2.191344976425171
-0.0987386554479599 -0.5380014181137085 2.222393274307251
0.03356821462512016 -0.15632137656211853 2.2952654361724854
-0.1202639639377594 -0.15469765663146973 2.2837748527526855
0.13012902438640594 0.3124638497829437 2.384511709213257
-0.2067333310842514 0.32708120346069336 2.361142635345459
0.313296377658844 0.3115553557872772 2.2429001331329346
-0.2752577066421509 0.05474875494837761 2.331953287124634
0.23396039009094238 0.538568913936615 2.263396978378296
-0.2774169445037842 -0.18478792905807495 2.225254535675049
0.16752442717552185 0.6276166439056396 2.335965156555176
-0.25344255566596985 -0.3376050889492035 2.1728572845458984
27
0.08394357562065125 -0.9225201606750488 2.044867753982544
-0.07207107543945312 -0.9187588691711426 2.0875720977783203
0.05505884438753128 -0.5375129580497742 2.191344976425171
-0.0987386554479599 -0.5380014181137085 2.222393274307251
0.03356821462512016 -0.15632137656211853 2.2952654361724854
-0.1202639639377594 -0.15469765663146973 2.2837748527526855
0.13012902438640594 0.3124638497829437 2.384511709213257
-0.2067333310842514 0.32708120346069336 2.361142635345459
0.313296377658844 0.3115553557872772 2.2429001331329346
-0.2752577066421509 0.05474875494837761 2.331953287124634
0.23396039009094238 0.538568913936615 2.263396978378296
-0.2774169445037842 -0.18478792905807495 2.225254535675049
0.16752442717552185 0.6276166439056396 2.335965156555176
-0.25344255566596985 -0.3376050889492035 2.1728572845458984
28
0.0830945074558258 -0.923997163772583 2.043900966644287
-0.0722619965672493 -0.919953465461731 2.0867691040039062
0.05488302931189537 -0.538684606552124 2.189455270767212
-0.09943857043981552 -0.5412557721138 2.220513343811035
0.033285778015851974 -0.15631060302257538 2.2950870990753174
-0.12048013508319855 -0.15473641455173492 2.283809185028076
0.13000403344631195 0.3137776255607605 2.382382869720459
-0.2066221386194229 0.3272159695625305 2.3609230518341064
0.30894267559051514 0.33124440908432007 2.236264944076538
-0.2756834924221039 0.05416817590594292 2.332130193710327
0.23220457136631012 0.5344564914703369 2.259096384048462
-0.27826064825057983 -0.18492139875888824 2.2258152961730957
0.1440209001302719 0.5910291075706482 2.329855442047119
-0.2510649263858795 -0.33835262060165405 2.176943063735962
29
0.0830945074558258 -0.923997163772583 2.043900966644287
-0.0722619965672493 -0.919953465461731 2.0867691040039062
0.05488302931189537 -0.538684606552124 2.189455270767212
-0.09943857043981552 -0.5412557721138 2.220513343811035
0.033285778015851974 -0.15631060302257538 2.2950870990753174
-0.12048013508319855 -0.15473641455173492 2.283809185028076
0.13000403344631195 0.3137776255607605 2.382382869720459
-0.2066221386194229 0.3272159695625305 2.3609230518341064
0.30894267559051514 0.33124440908432007 2.236264944076538
-0.2756834924221039 0.05416817590594292 2.332130193710327
0.23220457136631012 0.5344564914703369 2.259096384048462
-0.27826064825057983 -0.18492139875888824 2.2258152961730957
0.1440209001302719 0.5910291075706482 2.329855442047119
-0.2510649263858795 -0.33835262060165405 2.176943063735962
30
0.08171457797288895 -0.9250096082687378 2.04329776763916
-0.07293979823589325 -0.9198518991470337 2.0861976146698
0.054671186953783035 -0.5391396284103394 2.1877551078796387
-0.09989266097545624 -0.542039692401886 2.2197561264038086
0.032462261617183685 -0.1563892662525177 2.2948713302612305
-0.12108603119850159 -0.15490025281906128 2.2839767932891846
0.12950105965137482 0.315430223941803 2.3794288635253906
-0.20639854669570923 0.32674646377563477 2.3604979515075684
0.3040822446346283 0.35120493173599243 2.231412172317505
-0.27634429931640625 0.053367383778095245 2.332315444946289
0.2232586145401001 0.5494034886360168 2.269543409347534
-0.2794052064418793 -0.18497918546199799 2.2271902561187744
0.12624278664588928 0.6126471161842346 2.3136582374572754
-0.2518446147441864 -0.3379693031311035 2.177157402038574
31
0.08171457797288895 -0.9250096082687378 2.04329776763916
-0.07293979823589325 -0.9198518991470337 2.0861976146698
0.054671186953783035 -0.5391396284103394 2.1877551078796387
-0.09989266097545624 -0.542039692401886 2.2197561264038086
0.032462261617183685 -0.1563892662525177 2.2948713302612305
-0.12108603119850159 -0.15490025281906128 2.2839767932891846
0.12950105965137482 0.315430223941803 2.3794288635253906
-0.20639854669570923 0.32674646377563477 2.3604979515075684
0.3040822446346283 0.35120493173599243 2.231412172317505
-0.27634429931640625 0.053367383778095245 2.332315444946289
0.2232586145401001 0.5494034886360168 2.269543409347534
-0.2794052064418793 -0.18497918546199799 2.2271902561187744
0.12624278664588928 0.6126471161842346 2.3136582374572754
-0.2518446147441864 -0.3379693031311035 2.177157402038574
32
0.079644575715065 -0.9258121252059937 2.042630195617676
-0.07461708039045334 -0.9197146892547607 2.08565616607666
0.054789457470178604 -0.5395818948745728 2.1870627403259277
-0.100054070353508 -0.5424100756645203 2.2192928791046143
0.032009124755859375 -0.15595026314258575 2.294888734817505
-0.12126041203737259 -0.15475396811962128 2.2840588092803955
0.12788519263267517 0.3206291198730469 2.375697135925293
-0.2064146250486374 0.3268665075302124 2.3602583408355713
0.29878562688827515 0.37001585960388184 2.2274367809295654
-0.27660712599754333 0.05325479060411453 2.332399606704712
0.23476211726665497 0.5782696604728699 2.2433254718780518
-0.27991506457328796 -0.18541915714740753 2.2280664443969727
0.13631543517112732 0.623690664768219 2.3163068294525146
-0.25250479578971863 -0.3379812240600586 2.1743903160095215
33
0.079644575715065 -0.9258121252059937 2.042630195617676
-0.07461708039045334 -0.9197146892547607 2.08565616607666
0.054789457470178604 -0.5395818948745728 2.1870627403259277
-0.100054070353508 -0.5424100756645203 2.2192928791046143
0.032009124755859375 -0.15595026314258575 2.294888734817505
-0.12126041203737259 -0.15475396811962128 2.2840588092803955
0.12788519263267517 0.3206291198730469 2.375697135925293
-0.2064146250486374 0.3268665075302124 2.3602583408355713
0.29878562688827515 0.37001585960388184 2.2274367809295654
-0.27660712599754333 0.05325479060411453 2.332399606704712
0.23476211726665497 0.5782696604728699 2.2433254718780518
-0.27991506457328796 -0.18541915714740753 2.2280664443969727
0.13631543517112732 0.623690664768219 2.3163068294525146
-0.25250479578971863 -0.3379812240600586 2.1743903160095215
34
0.0775897428393364 -0.9258604049682617 2.0422422885894775
-0.07646124064922333 -0.9197894334793091 2.0852108001708984
0.05480911582708359 -0.5396406054496765 2.186901569366455
-0.10008554905653 -0.5427515506744385 2.2191383838653564
0.03247141093015671 -0.15444119274616241 2.2940454483032227
-0.1210019662976265 -0.15439900755882263 2.2839181423187256
0.12377098947763443 0.3259209394454956 2.3706114292144775
-0.20646683871746063 0.3268444836139679 2.3597559928894043
0.2886442542076111 0.4140458106994629 2.221829652786255
-0.27679243683815 0.0529465489089489 2.3323192596435547
0.2051539272069931 0.603029727935791 2.283555746078491
-0.28000378608703613 -0.1937485784292221 2.226923942565918
0.11887269467115402 0.6592473387718201 2.334768056869507
-0.2480655163526535 -0.34388211369514465 2.179487705230713
35
0.0775897428393364 -0.9258604049682617 2.0422422885894775
-0.07646124064922333 -0.9197894334793091 2.0852108001708984
0.05480911582708359 -0.5396406054496765 2.186901569366455
-0.10008554905653 -0.5427515506744385 2.2191383838653564
0.03247141093015671 -0.15444119274616241 2.2940454483032227
-0.1210019662976265 -0.15439900755882263 2.2839181423187256
0.12377098947763443 0.3259209394454956 2.3706114292144775
-0.20646683871746063 0.3268444836139679 2.3597559928894043
0.2886442542076111 0.4140458106994629 2.221829652786255
-0.27679243683815 0.0529465489089489 2.3323192596435547
0.2051539272069931 0.603029727935791 2.283555746078491
-0.28000378608703613 -0.1937485784292221 2.226923942565918
0.11887269467115402 0.6592473387718201 2.334768056869507
-0.2480655163526535 -0.34388211369514465 2.179487705230713
36
0.0758519247174263 -0.9266203045845032 2.0419676303863525
-0.07921922206878662 -0.9234887361526489 2.0836358070373535
0.054948944598436356 -0.5398550033569336 2.186997652053833
-0.10030131042003632 -0.5380986332893372 2.2198562622070312
0.03219126909971237 -0.15321414172649384 2.293914556503296
-0.12117096781730652 -0.15385600924491882 2.2843375205993652
0.12121552228927612 0.33079609274864197 2.36643123626709
-0.20652343332767487 0.3270859122276306 2.3595540523529053
0.2856059968471527 0.4395008683204651 2.2214837074279785
-0.2769497334957123 0.05305498093366623 2.332388401031494
0.23577642440795898 0.6518573760986328 2.2303078174591064
-0.2814980149269104 -0.1908240020275116 2.2292137145996094
0.14812469482421875 0.7003824710845947 2.3141865730285645
-0.25075700879096985 -0.33884578943252563 2.181454658508301
37
0.0758519247174263 -0.9266203045845032 2.0419676303863525
-0.07921922206878662 -0.9234887361526489 2.0836358070373535
0.054948944598436356 -0.5398550033569336 2.186997652053833
-0.10030131042003632 -0.5380986332893372 2.2198562622070312
0.03219126909971237 -0.15321414172649384 2.293914556503296
-0.12117096781730652 -0.15385600924491882 2.2843375205993652
0.12121552228927612 0.33079609274864197 2.36643123626709
-0.20652343332767487 0.3270859122276306 2.3595540523529053
0.2856059968471527 0.4395008683204651 2.2214837074279785
-0.2769497334957123 0.05305498093366623 2.332388401031494
0.23577642440795898 0.6518573760986328 2.2303078174591064
-0.2814980149269104 -0.1908240020275116 2.2292137145996094
0.14812469482421875 0.7003824710845947 2.3141865730285645
-0.25075700879096985 -0.33884578943252563 2.181454658508301
38
0.0733693316578865 -0.9265288710594177 2.041834592819214
-0.08184277266263962 -0.9224976897239685 2.083451271057129
0.05502588674426079 -0.5392844080924988 2.1876842975616455
-0.09964144974946976 -0.5338283181190491 2.22153639793396
0.031934622675180435 -0.1502275913953781 2.2931904792785645
-0.12125346809625626 -0.1521005779504776 2.2860023975372314
0.11972352117300034 0.343023419380188 2.3617794513702393
-0.2064742147922516 0.3275906443595886 2.359306812286377
0.2726881206035614 0.49004462361335754 2.2231898307800293
-0.2770705819129944 0.0531608909368515 2.3324480056762695
0.2195376753807068 0.7035072445869446 2.2595112323760986
-0.2824700176715851 -0.1878775805234909 2.2313425540924072
0.14449068903923035 0.7691130042076111 2.3240816593170166
-0.25040552020072937 -0.33958902955055237 2.1869771480560303
39
0.0733693316578865 -0.9265288710594177 2.041834592819214
-0.08184277266263962 -0.9224976897239685 2.083451271057129
0.05502588674426079 -0.5392844080924988 2.1876842975616455
-0.09964144974946976 -0.5338283181190491 2.22153639793396
0.031934622675180435 -0.1502275913953781 2.2931904792785645
-0.12125346809625626 -0.1521005779504776 2.2860023975372314
0.11972352117300034 0.343023419380188 2.3617794513702393
-0.2064742147922516 0.3275906443595886 2.359306812286377
0.2726881206035614 0.49004462361335754 2.2231898307800293
-0.2770705819129944 0.0531608909368515 2.3324480056762695
0.2195376753807068 0.7035072445869446 2.2595112323760986
-0.2824700176715851 -0.1878775805234909 2.2313425540924072
0.14449068903923035 0.7691130042076111 2.3240816593170166
-0.25040552020072937 -0.33958902955055237 2.1869771480560303
40
0.07386647909879684 -0.9258816242218018 2.0416910648345947
-0.08195342868566513 -0.923462450504303 2.0834426879882812
0.05521709844470024 -0.5388071537017822 2.1898703575134277
-0.0998605340719223 -0.5351492166519165 2.223100423812866
0.0319209024310112 -0.14757664501667023 2.292851209640503
-0.12167419493198395 -0.14975742995738983 2.2879905700683594
0.12040053308010101 0.3433503806591034 2.362760066986084
-0.20640914142131805 0.32813942432403564 2.3588175773620605
0.26282942295074463 0.5050098896026611 2.229123830795288
-0.27704671025276184 0.05353299155831337 2.3325319290161133
0.24812611937522888 0.722852885723114 2.207245349884033
-0.28294774889945984 -0.185636967420578 2.232635974884033
0.1903480440378189 0.8446366786956787 2.2824056148529053
-0.25156170129776 -0.3372616767883301 2.1805529594421387
41
0.07386647909879684 -0.9258816242218018 2.0416910648345947
-0.08195342868566513 -0.923462450504303 2.0834426879882812
0.05521709844470024 -0.5388071537017822 2.1898703575134277
-0.0998605340719223 -0.5351492166519165 2.223100423812866
0.0319209024310112 -0.14757664501667023 2.292851209640503
-0.12167419493198395 -0.14975742995738983 2.2879905700683594
0.12040053308010101 0.3433503806591034 2.362760066986084
-0.20640914142131805 0.32813942432403564 2.3588175773620605
0.26282942295074463 0.5050098896026611 2.229123830795288
-0.27704671025276184 0.05353299155831337 2.3325319290161133
0.24812611937522888 0.722852885723114 2.207245349884033
-0.28294774889945984 -0.185636967420578 2.232635974884033
0.1903480440378189 0.8446366786956787 2.2824056148529053
-0.25156170129776 -0.3372616767883301 2.1805529594421387
42
0.06956461071968079 -0.9236823320388794 2.04170560836792
-0.08807390928268433 -0.9239874482154846 2.0832719802856445
0.05513233318924904 -0.5348931550979614 2.1938986778259277
-0.09974050521850586 -0.5308323502540588 2.2256784439086914
0.032317809760570526 -0.14085602760314941 2.2930076122283936
-0.12087554484605789 -0.1444007158279419 2.2924513816833496
0.11955730617046356 0.3787449598312378 2.354748487472534
-0.20624735951423645 0.32909560203552246 2.3582918643951416
0.23096038401126862 0.5442826151847839 2.2426228523254395
-0.2766030430793762 0.05521530285477638 2.3334803581237793
0.24720610678195953 0.7586966156959534 2.1929802894592285
-0.2832622230052948 -0.1844410002231598 2.2333743572235107
0.2162424474954605 0.9040577411651611 2.2359120845794678
-0.25374287366867065 -0.33305084705352783 2.182164430618286
43
0.06956461071968079 -0.9236823320388794 2.04170560836792
-0.08807390928268433 -0.9239874482154846 2.0832719802856445
0.05513233318924904 -0.5348931550979614 2.1938986778259277
-0.09974050521850586 -0.5308323502540588 2.2256784439086914
0.032317809760570526 -0.14085602760314941 2.2930076122283936
-0.12087554484605789 -0.1444007158279419 2.2924513816833496
0.11955730617046356 0.3787449598312378 2.354748487472534
-0.20624735951423645 0.32909560203552246 2.3582918643951416
0.23096038401126862 0.5442826151847839 2.2426228523254395
-0.2766030430793762 0.05521530285477638 2.3334803581237793
0.24720610678195953 0.7586966156959534 2.1929802894592285
-0.2832622230052948 -0.1844410002231598 2.2333743572235107
0.2162424474954605 0.9040577411651611 2.2359120845794678
-0.25374287366867065 -0.33305084705352783 2.182164430618286
44
0.07091951370239258 -0.9225642085075378 2.0419628620147705
-0.08636346459388733 -0.9203253388404846 2.084467887878418
0.055309757590293884 -0.5325506329536438 2.1965537071228027
-0.0988633930683136 -0.5258140563964844 2.227522134780884
0.031831689178943634 -0.13648825883865356 2.29388689994812
-0.12136059254407883 -0.13979364931583405 2.298067569732666
0.11956419795751572 0.37749895453453064 2.3555901050567627
-0.20537805557250977 0.33062857389450073 2.357710361480713
0.21878765523433685 0.6027823090553284 2.240464925765991
-0.27527523040771484 0.06324239820241928 2.3350322246551514
0.248239204287529 0.832356870174408 2.186725378036499
-0.283534973859787 -0.1830340474843979 2.2340149879455566
0.21791037917137146 0.9919557571411133 2.206037998199463
-0.25754931569099426 -0.3302202522754669 2.1800789833068848
45
0.07091951370239258 -0.9225642085075378 2.0419628620147705
-0.08636346459388733 -0.9203253388404846 2.084467887878418
0.055309757590293884 -0.5325506329536438 2.1965537071228027
-0.0988633930683136 -0.5258140563964844 2.227522134780884
0.031831689178943634 -0.13648825883865356 2.29388689994812
-0.12136059254407883 -0.13979364931583405 2.298067569732666
0.11956419795751572 0.37749895453453064 2.3555901050567627
-0.20537805557250977 0.33062857389450073 2.357710361480713
0.21878765523433685 0.6027823090553284 2.240464925765991
-0.27527523040771484 0.06324239820241928 2.3350322246551514
0.248239204287529 0.832356870174408 2.186725378036499
-0.283534973859787 -0.1830340474843979 2.2340149879455566
0.21791037917137146 0.9919557571411133 2.206037998199463
-0.25754931569099426 -0.3302202522754669 2.1800789833068848
46
0.06846950203180313 -0.9222837686538696 2.042124032974243
-0.08985733240842819 -0.922165036201477 2.0842504501342773
0.05514848604798317 -0.5305247902870178 2.1995928287506104
-0.09884551167488098 -0.5229602456092834 2.228968381881714
0.03254101052880287 -0.12638075649738312 2.2962234020233154
-0.11881484091281891 -0.13149476051330566 2.303067207336426
0.11284104734659195 0.40889304876327515 2.3536438941955566
-0.20476919412612915 0.3322327733039856 2.357614755630493
0.20907141268253326 0.6112744808197021 2.249124050140381
-0.27523869276046753 0.06464502215385437 2.335087776184082
0.24898351728916168 0.8345311284065247 2.1819581985473633
-0.28402477502822876 -0.18209874629974365 2.2344658374786377
0.3106033504009247 1.0002152919769287 2.154080390930176
-0.26030951738357544 -0.33036935329437256 2.183292865753174
47
0.06846950203180313 -0.9222837686538696 2.042124032974243
-0.08985733240842819 -0.922165036201477 2.0842504501342773
0.05514848604798317 -0.5305247902870178 2.1995928287506104
-0.09884551167488098 -0.5229602456092834 2.228968381881714
0.03254101052880287 -0.12638075649738312 2.2962234020233154
-0.11881484091281891 -0.13149476051330566 2.303067207336426
0.11284104734659195 0.40889304876327515 2.3536438941955566
-0.20476919412612915 0.3322327733039856 2.357614755630493
0.20907141268253326 0.6112744808197021 2.249124050140381
-0.27523869276046753 0.06464502215385437 2.335087776184082
0.24898351728916168 0.8345311284065247 2.1819581985473633
-0.28402477502822876 -0.18209874629974365 2.2344658374786377
0.3106033504009247 1.0002152919769287 2.154080390930176
-0.26030951738357544 -0.33036935329437256 2.183292865753174
48
0.06867190450429916 -0.9205355048179626 2.043081760406494
-0.0895526260137558 -0.9202307462692261 2.0844128131866455
0.055019229650497437 -0.5302091836929321 2.2016947269439697
-0.09883186221122742 -0.5202069878578186 2.2305378913879395
0.03177272900938988 -0.12033773958683014 2.2984137535095215
-0.11856923252344131 -0.12496413290500641 2.306954860687256
0.11248236149549484 0.4145796000957489 2.3528053760528564
-0.20417295396327972 0.3346259891986847 2.357518434524536
0.19462373852729797 0.6577813625335693 2.2500293254852295
-0.27521148324012756 0.06576219201087952 2.3351290225982666
0.27286282181739807 0.874838650226593 2.153297185897827
-0.28462013602256775 -0.18132585287094116 2.2342734336853027
0.33631449937820435 1.0679442882537842 2.092228412628174
-0.25997835397720337 -0.32927206158638 2.1817314624786377
49
0.06867190450429916 -0.9205355048179626 2.043081760406494
-0.0895526260137558 -0.9202307462692261 2.0844128131866455
0.055019229650497437 -0.5302091836929321 2.2016947269439697
-0.09883186221122742 -0.5202069878578186 2.2305378913879395
0.03177272900938988 -0.12033773958683014 2.2984137535095215
-0.11856923252344131 -0.12496413290500641 2.306954860687256
0.11248236149549484 0.4145796000957489 2.3528053760528564
-0.20417295396327972 0.3346259891986847 2.357518434524536
0.19462373852729797 0.6577813625335693 2.2500293254852295
-0.27521148324012756 0.06576219201087952 2.3351290225982666
0.27286282181739807 0.874838650226593 2.153297185897827
-0.28462013602256775 -0.18132585287094116 2.2342734336853027
0.33631449937820435 1.0679442882537842 2.092228412628174
-0.25997835397720337 -0.32927206158638 2.1817314624786377
50
0.06921099871397018 -0.9201002717018127 2.043813705444336
-0.0898449495434761 -0.9207543730735779 2.0847203731536865
0.054694145917892456 -0.5297379493713379 2.203104257583618
-0.09898168593645096 -0.517297089099884 2.2322633266448975
0.03390137478709221 -0.11587615311145782 2.3001883029937744
-0.1160355806350708 -0.12096536159515381 2.3082120418548584
0.11208941787481308 0.4172254204750061 2.352423667907715
-0.20275834202766418 0.33578789234161377 2.356217384338379
0.19127577543258667 0.6622167825698853 2.2483701705932617
-0.2753281891345978 0.06773699074983597 2.335566282272339
0.29555559158325195 0.9064306020736694 2.10546875
-0.28623202443122864 -0.17887412011623383 2.2349393367767334
0.3695451319217682 1.0529788732528687 2.0399668216705322
-0.2684716284275055 -0.3222994804382324 2.179109573364258
51
0.06921099871397018 -0.9201002717018127 2.043813705444336
-0.0898449495434761 -0.9207543730735779 2.0847203731536865
0.054694145917892456 -0.5297379493713379 2.203104257583618
-0.09898168593645096 -0.517297089099884 2.2322633266448975
0.03390137478709221 -0.11587615311145782 2.3001883029937744
-0.1160355806350708 -0.12096536159515381 2.3082120418548584
0.11208941787481308 0.4172254204750061 2.352423667907715
-0.20275834202766418 0.33578789234161377 2.356217384338379
0.19127577543258667 0.6622167825698853 2.2483701705932617
-0.2753281891345978 0.06773699074983597 2.335566282272339
0.29555559158325195 0.9064306020736694 2.10546875
-0.28623202443122864 -0.17887412011623383 2.2349393367767334
0.3695451319217682 1.0529788732528687 2.0399668216705322
-0.2684716284275055 -0.3222994804382324 2.179109573364258
52
0.07039573043584824 -0.9177881479263306 2.0447633266448975
-0.09004552662372589 -0.9207484126091003 2.084563732147217
0.05452534556388855 -0.5314169526100159 2.205746650695801
-0.0989222526550293 -0.5213509798049927 2.2343063354492188
0.03516801819205284 -0.11413539201021194 2.3010666370391846
-0.11452516168355942 -0.11895684897899628 2.3086466789245605
0.11110740900039673 0.4210311472415924 2.3531548976898193
-0.20188598334789276 0.33664652705192566 2.3557467460632324
0.1880878210067749 0.6607087254524231 2.246666193008423
-0.2759482264518738 0.06865954399108887 2.3355355262756348
0.28612327575683594 0.8766232132911682 2.07856822013855
-0.28890278935432434 -0.1750262975692749 2.236827850341797
0.3437677323818207 0.9397809505462646 1.9656007289886475
-0.2675403654575348 -0.3235321640968323 2.1807894706726074
53
0.07039573043584824 -0.9177881479263306 2.0447633266448975
-0.09004552662372589 -0.9207484126091003 2.084563732147217
0.05452534556388855 -0.5314169526100159 2.205746650695801
-0.0989222526550293 -0.5213509798049927 2.2343063354492188
0.03516801819205284 -0.11413539201021194 2.3010666370391846
-0.11452516168355942 -0.11895684897899628 2.3086466789245605
0.11110740900039673 0.4210311472415924 2.3531548976898193
-0.20188598334789276 0.33664652705192566 2.3557467460632324
0.1880878210067749 0.6607087254524231 2.246666193008423
-0.2759482264518738 0.06865954399108887 2.3355355262756348
0.28612327575683594 0.8766232132911682 2.07856822013855
-0.28890278935432434 -0.1750262975692749 2.236827850341797
0.3437677323818207 0.9397809505462646 1.9656007289886475
-0.2675403654575348 -0.3235321640968323 2.1807894706726074
54
0.07172469049692154 -0.9173153638839722 2.045438528060913
-0.08940577507019043 -0.9202892780303955 2.085157632827759
0.05470860004425049 -0.5312836170196533 2.2061243057250977
-0.09890667349100113 -0.5216912627220154 2.2348508834838867
0.036234449595212936 -0.11261779069900513 2.3021960258483887
-0.11333290487527847 -0.11695875227451324 2.30906343460083
0.1098947748541832 0.42357179522514343 2.3540799617767334
-0.20163802802562714 0.3377012014389038 2.35567045211792
0.1768186390399933 0.6367180347442627 2.2449800968170166
-0.2770366072654724 0.06982659548521042 2.335151195526123
0.2536795139312744 0.848395049571991 2.1103765964508057
-0.2901342809200287 -0.17352671921253204 2.2376625537872314
0.3298129439353943 0.8992165923118591 1.9409164190292358
-0.27035272121429443 -0.32328104972839355 2.1811020374298096
55
0.07172469049692154 -0.9173153638839722 2.045438528060913
-0.08940577507019043 -0.9202892780303955 2.085157632827759
0.05470860004425049 -0.5312836170196533 2.2061243057250977
-0.09890667349100113 -0.5216912627220154 2.2348508834838867
0.036234449595212936 -0.11261779069900513 2.3021960258483887
-0.11333290487527847 -0.11695875227451324 2.30906343460083
0.1098947748541832 0.42357179522514343 2.3540799617767334
-0.20163802802562714 0.3377012014389038 2.35567045211792
0.1768186390399933 0.6367180347442627 2.2449800968170166
-0.2770366072654724 0.06982659548521042 2.335151195526123
0.2536795139312744 0.848395049571991 2.1103765964508057
-0.2901342809200287 -0.17352671921253204 2.2376625537872314
0.3298129439353943 0.8992165923118591 1.9409164190292358
-0.27035272121429443 -0.32328104972839355 2.1811020374298096
56
0.07232417166233063 -0.9163678884506226 2.045360565185547
-0.08957221359014511 -0.9205231070518494 2.085268974304199
0.0547429583966732 -0.5312516093254089 2.2061939239501953
-0.09793420135974884 -0.5190437436103821 2.234011650085449
0.03692126274108887 -0.11225434392690659 2.3026087284088135
-0.11271354556083679 -0.11667715758085251 2.3090837001800537
0.1096595898270607 0.4238312244415283 2.3540797233581543
-0.20161911845207214 0.33771052956581116 2.355661392211914
0.1775377243757248 0.6261080503463745 2.237757921218872
-0.27763888239860535 0.0700620487332344 2.334948778152466
0.28076910972595215 0.8302476406097412 2.0372540950775146
-0.29161566495895386 -0.17239990830421448 2.23830246925354
0.32343441247940063 0.8834621906280518 1.891984224319458
-0.2691625952720642 -0.32426944375038147 2.183710813522339
57
0.07232417166233063 -0.9163678884506226 2.045360565185547
-0.08957221359014511 -0.9205231070518494 2.085268974304199
0.0547429583966732 -0.5312516093254089 2.2061939239501953
-0.09793420135974884 -0.5190437436103821 2.234011650085449
0.03692126274108887 -0.11225434392690659 2.3026087284088135
-0.11271354556083679 -0.11667715758085251 2.3090837001800537
0.1096595898270607 0.4238312244415283 2.3540797233581543
-0.20161911845207214 0.33771052956581116 2.355661392211914
0.1775377243757248 0.6261080503463745 2.237757921218872
-0.27763888239860535 0.0700620487332344 2.334948778152466
0.28076910972595215 0.8302476406097412 2.0372540950775146
-0.29161566495895386 -0.17239990830421448 2.23830246925354
0.32343441247940063 0.8834621906280518 1.891984224319458
-0.2691625952720642 -0.32426944375038147 2.183710813522339
58
0.07252858579158783 -0.9161438345909119 2.0453035831451416
-0.08976973593235016 -0.9210835099220276 2.085477828979492
0.05484449863433838 -0.5310801267623901 2.206174612045288
-0.09760580956935883 -0.5241697430610657 2.23248291015625
0.03739624843001366 -0.11237934231758118 2.3025898933410645
-0.1121496632695198 -0.11695713549852371 2.3087453842163086
0.10948111116886139 0.4238007366657257 2.354140281677246
-0.20165157318115234 0.3376717269420624 2.3556792736053467
0.18759463727474213 0.6022388339042664 2.223407030105591
-0.27847468852996826 0.07131147384643555 2.335017681121826
0.2554876208305359 0.7713998556137085 2.069573163986206
-0.29302725195884705 -0.17329682409763336 2.2384185791015625
0.3233455717563629 0.8748818635940552 1.8726885318756104
-0.2726312279701233 -0.32530051469802856 2.1864447593688965
59
0.07252858579158783 -0.9161438345909119 2.0453035831451416
-0.08976973593235016 -0.9210835099220276 2.085477828979492
0.05484449863433838 -0.5310801267623901 2.206174612045288
-0.09760580956935883 -0.5241697430610657 2.23248291015625
0.03739624843001366 -0.11237934231758118 2.3025898933410645
-0.1121496632695198 -0.11695713549852371 2.3087453842163086
0.10948111116886139 0.4238007366657257 2.354140281677246
-0.20165157318115234 0.3376717269420624 2.3556792736053467
0.18759463727474213 0.6022388339042664 2.223407030105591
-0.27847468852996826 0.07131147384643555 2.335017681121826
0.2554876208305359 0.7713998556137085 2.069573163986206
-0.29302725195884705 -0.17329682409763336 2.2384185791015625
0.3233455717563629 0.8748818635940552 1.8726885318756104
-0.2726312279701233 -0.32530051469802856 2.1864447593688965
60
0.07252379506826401 -0.916540801525116 2.0452728271484375
-0.0900491252541542 -0.9219965934753418 2.0851547718048096
0.055032096803188324 -0.529302716255188 2.2048964500427246
-0.09714388102293015 -0.521636962890625 2.2307465076446533
0.037635017186403275 -0.11245967447757721 2.3023054599761963
-0.1118900254368782 -0.11716783046722412 2.308318614959717
0.10914749652147293 0.4234505593776703 2.3543338775634766
-0.2017681747674942 0.3380558490753174 2.355816125869751
0.2009674310684204 0.5863936543464661 2.2019970417022705
-0.27923986315727234 0.07166526466608047 2.3353216648101807
0.26186004281044006 0.755648136138916 2.0439493656158447
-0.2942657768726349 -0.17365260422229767 2.238823652267456
0.33882007002830505 0.8534433841705322 1.8560144901275635
-0.2754259705543518 -0.325265109539032 2.182199001312256
61
0.07252379506826401 -0.916540801525116 2.0452728271484375
-0.0900491252541542 -0.9219965934753418 2.0851547718048096
0.055032096803188324 -0.529302716255188 2.2048964500427246
-0.09714388102293015 -0.521636962890625 2.2307465076446533
0.037635017186403275 -0.11245967447757721 2.3023054599761963
-0.1118900254368782 -0.11716783046722412 2.308318614959717
0.10914749652147293 0.4234505593776703 2.3543338775634766
-0.2017681747674942 0.3380558490753174 2.355816125869751
0.2009674310684204 0.5863936543464661 2.2019970417022705
-0.27923986315727234 0.07166526466608047 2.3353216648101807
0.26186004281044006 0.755648136138916 2.0439493656158447
-0.2942657768726349 -0.17365260422229767 2.238823652267456
0.33882007002830505 0.8534433841705322 1.8560144901275635
-0.2754259705543518 -0.325265109539032 2.182199001312256
62
0.0724748894572258 -0.9169405698776245 2.0452916622161865
-0.09030890464782715 -0.9231540560722351 2.084534168243408
0.05516326054930687 -0.5292602181434631 2.2033464908599854
-0.096722312271595 -0.5196241140365601 2.2284836769104004
0.038238275796175 -0.1131252646446228 2.3016560077667236
-0.11137078702449799 -0.11930952221155167 2.306514263153076
0.10871384292840958 0.42130598425865173 2.354494094848633
-0.2019139528274536 0.33795762062072754 2.355839729309082
0.2140526920557022 0.5505604147911072 2.187577486038208
-0.2803676724433899 0.07126014679670334 2.3356308937072754
0.274490624666214 0.7354323267936707 1.9904582500457764
-0.29611697793006897 -0.17529548704624176 2.238412618637085
0.31666886806488037 0.8281775712966919 1.8217861652374268
-0.27739188075065613 -0.3297779858112335 2.179584503173828
63
0.0724748894572258 -0.9169405698776245 2.0452916622161865
-0.09030890464782715 -0.9231540560722351 2.084534168243408
0.05516326054930687 -0.5292602181434631 2.2033464908599854
-0.096722312271595 -0.5196241140365601 2.2284836769104004
0.038238275796175 -0.1131252646446228 2.3016560077667236
-0.11137078702449799 -0.11930952221155167 2.306514263153076
0.10871384292840958 0.42130598425865173 2.354494094848633
-0.2019139528274536 0.33795762062072754 2.355839729309082
0.2140526920557022 0.5505604147911072 2.187577486038208
-0.2803676724433899 0.07126014679670334 2.3356308937072754
0.274490624666214 0.7354323267936707 1.9904582500457764
-0.29611697793006897 -0.17529548704624176 2.238412618637085
0.31666886806488037 0.8281775712966919 1.8217861652374268
-0.27739188075065613 -0.3297779858112335 2.179584503173828
64
0.07455568760633469 -0.9178080558776855 2.044682502746582
-0.08742675930261612 -0.9237157106399536 2.0845625400543213
0.05526048690080643 -0.5285609364509583 2.2021403312683105
-0.09713785350322723 -0.5222044587135315 2.2261314392089844
0.03911305218935013 -0.11538339406251907 2.3008856773376465
-0.11153701692819595 -0.12276719510555267 2.3038370609283447
0.10628868639469147 0.3987792432308197 2.3575849533081055
-0.2022947520017624 0.33776405453681946 2.3559656143188477
0.2256220430135727 0.5142259001731873 2.1828532218933105
-0.281581312417984 0.0702393501996994 2.336298942565918
0.27064698934555054 0.659415066242218 2.0135703086853027
-0.29796716570854187 -0.17662250995635986 2.2381062507629395
0.29861971735954285 0.7931262254714966 1.8186779022216797
-0.280537873506546 -0.33015644550323486 2.1817386150360107
65
0.07455568760633469 -0.9178080558776855 2.044682502746582
-0.08742675930261612 -0.9237157106399536 2.0845625400543213
0.05526048690080643 -0.5285609364509583 2.2021403312683105
-0.09713785350322723 -0.5222044587135315 2.2261314392089844
0.03911305218935013 -0.11538339406251907 2.3008856773376465
-0.11153701692819595 -0.12276719510555267 2.3038370609283447
0.10628868639469147 0.3987792432308197 2.3575849533081055
-0.2022947520017624 0.33776405453681946 2.3559656143188477
0.2256220430135727 0.5142259001731873 2.1828532218933105
-0.281581312417984 0.0702393501996994 2.336298942565918
0.27064698934555054 0.659415066242218 2.0135703086853027
-0.29796716570854187 -0.17662250995635986 2.2381062507629395
0.29861971735954285 0.7931262254714966 1.8186779022216797
-0.280537873506546 -0.33015644550323486 2.1817386150360107
66
0.07484544068574905 -0.9192772507667542 2.0432255268096924
-0.08589695394039154 -0.9246403574943542 2.0844764709472656
0.055177364498376846 -0.5285652875900269 2.2001636028289795
-0.0980096384882927 -0.5284053087234497 2.2229421138763428
0.03938945010304451 -0.11712490767240524 2.3001186847686768
-0.11189236491918564 -0.12460821866989136 2.301943778991699
0.1076231598854065 0.3929215669631958 2.358797073364258
-0.20412680506706238 0.3378814160823822 2.3561952114105225
0.24124880135059357 0.48069965839385986 2.168456792831421
-0.28464481234550476 0.06572851538658142 2.3366265296936035
0.28098204731941223 0.6642530560493469 1.9437241554260254
-0.29894712567329407 -0.17695333063602448 2.238224744796753
0.2822009325027466 0.7460675835609436 1.8094483613967896
-0.27690038084983826 -0.33024439215660095 2.1763899326324463
67
0.07484544068574905 -0.9192772507667542 2.0432255268096924
-0.08589695394039154 -0.9246403574943542 2.0844764709472656
0.055177364498376846 -0.5285652875900269 2.2001636028289795
-0.0980096384882927 -0.5284053087234497 2.2229421138763428
0.03938945010304451 -0.11712490767240524 2.3001186847686768
-0.11189236491918564 -0.12460821866989136 2.301943778991699
0.1076231598854065 0.3929215669631958 2.358797073364258
-0.20412680506706238 0.3378814160823822 2.3561952114105225
0.24124880135059357 0.48069965839385986 2.168456792831421
-0.28464481234550476 0.06572851538658142 2.3366265296936035
0.28098204731941223 0.6642530560493469 1.9437241554260254
-0.29894712567329407 -0.17695333063602448 2.238224744796753
0.2822009325027466 0.7460675835609436 1.8094483613967896
-0.27690038084983826 -0.33024439215660095 2.1763899326324463
68
0.07564514875411987 -0.9205471277236938 2.0428380966186523
-0.08381679654121399 -0.9248508214950562 2.0845072269439697
0.05536571145057678 -0.5296749472618103 2.1979615688323975
-0.09876637905836105 -0.530728816986084 2.221146583557129
0.03985314816236496 -0.12058880925178528 2.3002917766571045
-0.11213798820972443 -0.12723982334136963 2.3003122806549072
0.10891164094209671 0.38515505194664 2.361299991607666
-0.20607830584049225 0.3374767005443573 2.3567874431610107
0.25447988510131836 0.4363364577293396 2.1592302322387695
-0.28638648986816406 0.062095340341329575 2.3379509449005127
0.27659279108047485 0.6042129993438721 1.9458050727844238
-0.3004244863986969 -0.17797894775867462 2.2383570671081543
0.2663685977458954 0.6864314079284668 1.804613471031189
-0.28349798917770386 -0.33039337396621704 2.1774933338165283
69
0.07564514875411987 -0.9205471277236938 2.0428380966186523
-0.08381679654121399 -0.9248508214950562 2.0845072269439697
0.05536571145057678 -0.5296749472618103 2.1979615688323975
-0.09876637905836105 -0.530728816986084 2.221146583557129
0.03985314816236496 -0.12058880925178528 2.3002917766571045
-0.11213798820972443 -0.12723982334136963 2.3003122806549072
0.10891164094209671 0.38515505194664 2.361299991607666
-0.20607830584049225 0.3374767005443573 2.3567874431610107
0.25447988510131836 0.4363364577293396 2.1592302322387695
-0.28638648986816406 0.062095340341329575 2.3379509449005127
0.27659279108047485 0.6042129993438721 1.9458050727844238
-0.3004244863986969 -0.17797894775867462 2.2383570671081543
0.2663685977458954 0.6864314079284668 1.804613471031189
-0.28349798917770386 -0.33039337396621704 2.1774933338165283
70
0.0756840780377388 -0.9220879077911377 2.042475938796997
-0.08283870667219162 -0.9247635006904602 2.084573745727539
0.0552636943757534 -0.5304884314537048 2.1959450244903564
-0.09924782812595367 -0.5325585603713989 2.2194690704345703
0.03978092223405838 -0.1234692931175232 2.2994754314422607
-0.11278851330280304 -0.12998251616954803 2.2979252338409424
0.10946593433618546 0.38132575154304504 2.36234450340271
-0.20720291137695312 0.336956262588501 2.356848955154419
0.2640940546989441 0.3874841630458832 2.155142307281494
-0.2876066267490387 0.06018975004553795 2.3378124237060547
0.2703038156032562 0.5331952571868896 1.9618028402328491
-0.301657110452652 -0.17885255813598633 2.2381155490875244
0.23707416653633118 0.6232193112373352 1.798275351524353
-0.28123587369918823 -0.3317131996154785 2.1772313117980957
71
0.0756840780377388 -0.9220879077911377 2.042475938796997
-0.08283870667219162 -0.9247635006904602 2.084573745727539
0.0552636943757534 -0.5304884314537048 2.1959450244903564
-0.09924782812595367 -0.5325585603713989 2.2194690704345703
0.03978092223405838 -0.1234692931175232 2.2994754314422607
-0.11278851330280304 -0.12998251616954803 2.2979252338409424
0.10946593433618546 0.38132575154304504 2.36234450340271
-0.20720291137695312 0.336956262588501 2.356848955154419
0.2640940546989441 0.3874841630458832 2.155142307281494
-0.2876066267490387 0.06018975004553795 2.3378124237060547
0.2703038156032562 0.5331952571868896 1.9618028402328491
-0.301657110452652 -0.17885255813598633 2.2381155490875244
0.23707416653633118 0.6232193112373352 1.798275351524353
-0.28123587369918823 -0.3317131996154785 2.1772313117980957
72
0.07682866603136063 -0.9236858487129211 2.042095184326172
-0.08123551309108734 -0.9250921010971069 2.0841031074523926
0.05524791032075882 -0.5354939699172974 2.192614793777466
-0.09947648644447327 -0.5330426096916199 2.218168258666992
0.03918077424168587 -0.12775075435638428 2.2979307174682617
-0.11420870572328568 -0.134092316031456 2.2945356369018555
0.10923870652914047 0.3680794835090637 2.3637454509735107
-0.20856180787086487 0.33609557151794434 2.3565595149993896
0.2651202380657196 0.3418688476085663 2.1589395999908447
-0.2876817286014557 0.05980503931641579 2.337942600250244
0.2630893886089325 0.4793156087398529 1.948042392730713
-0.30278000235557556 -0.18013900518417358 2.2382638454437256
0.2388034611940384 0.5525602698326111 1.819841742515564
-0.2817542552947998 -0.33171090483665466 2.177274227142334
73
0.07682866603136063 -0.9236858487129211 2.042095184326172
-0.08123551309108734 -0.9250921010971069 2.0841031074523926
0.05524791032075882 -0.5354939699172974 2.192614793777466
-0.09947648644447327 -0.5330426096916199 2.218168258666992
0.03918077424168587 -0.12775075435638428 2.2979307174682617
-0.11420870572328568 -0.134092316031456 2.2945356369018555
0.10923870652914047 0.3680794835090637 2.3637454509735107
-0.20856180787086487 0.33609557151794434 2.3565595149993896
0.2651202380657196 0.3418688476085663 2.1589395999908447
-0.2876817286014557 0.05980503931641579 2.337942600250244
0.2630893886089325 0.4793156087398529 1.948042392730713
-0.30278000235557556 -0.18013900518417358 2.2382638454437256
0.2388034611940384 0.5525602698326111 1.819841742515564
-0.2817542552947998 -0.33171090483665466 2.177274227142334
74
0.07699262350797653 -0.9242126941680908 2.04197359085083
-0.08027829229831696 -0.9254215955734253 2.0841712951660156
0.05529036372900009 -0.5351707339286804 2.191763401031494
-0.10027243196964264 -0.5341881513595581 2.216378688812256
0.038538672029972076 -0.1306595504283905 2.2971816062927246
-0.11518394201993942 -0.13682232797145844 2.2927510738372803
0.10957106947898865 0.3620937168598175 2.3642115592956543
-0.21039319038391113 0.33531180024147034 2.356295108795166
0.2576933801174164 0.2874845266342163 2.1846837997436523
-0.28800076246261597 0.05884842202067375 2.3381288051605225
0.2529528737068176 0.4058747887611389 1.951995611190796
-0.3028048574924469 -0.1918456256389618 2.233715772628784
0.2336905598640442 0.46018779277801514 1.8066885471343994
-0.27410492300987244 -0.3426172733306885 2.1844701766967773
75
0.07699262350797653 -0.9242126941680908 2.04197359085083
-0.08027829229831696 -0.9254215955734253 2.0841712951660156
0.05529036372900009 -0.5351707339286804 2.191763401031494
-0.10027243196964264 -0.5341881513595581 2.216378688812256
0.038538672029972076 -0.1306595504283905 2.2971816062927246
-0.11518394201993942 -0.13682232797145844 2.2927510738372803
0.10957106947898865 0.3620937168598175 2.3642115592956543
-0.21039319038391113 0.33531180024147034 2.356295108795166
0.2576933801174164 0.2874845266342163 2.1846837997436523
-0.28800076246261597 0.05884842202067375 2.3381288051605225
0.2529528737068176 0.4058747887611389 1.951995611190796
-0.3028048574924469 -0.1918456256389618 2.233715772628784
0.2336905598640442 0.46018779277801514 1.8066885471343994
-0.27410492300987244 -0.3426172733306885 2.1844701766967773
76
0.07682569324970245 -0.9251397848129272 2.0417885780334473
-0.07960812002420425 -0.9254797697067261 2.0842254161834717
0.05541476607322693 -0.5356959700584412 2.191026449203491
-0.10034870356321335 -0.5348007678985596 2.2160563468933105
0.03822716325521469 -0.13265757262706757 2.2967605590820312
-0.11593849211931229 -0.13866685330867767 2.291637420654297
0.11012067645788193 0.3568403124809265 2.365138053894043
-0.21140025556087494 0.33492133021354675 2.356423854827881
0.27091726660728455 0.23764540255069733 2.1644680500030518
-0.28854086995124817 0.0575760155916214 2.3386545181274414
0.24448587000370026 0.33557575941085815 1.9577040672302246
-0.30380186438560486 -0.18986362218856812 2.236013174057007
0.2441936582326889 0.3766692876815796 1.8099762201309204
-0.27718663215637207 -0.3363456428050995 2.1833362579345703
77
0.07682569324970245 -0.9251397848129272 2.0417885780334473
-0.07960812002420425 -0.9254797697067261 2.0842254161834717
0.05541476607322693 -0.5356959700584412 2.191026449203491
-0.10034870356321335 -0.5348007678985596 2.2160563468933105
0.03822716325521469 -0.13265757262706757 2.2967605590820312
-0.11593849211931229 -0.13866685330867767 2.291637420654297
0.11012067645788193 0.3568403124809265 2.365138053894043
-0.21140025556087494 0.33492133021354675 2.356423854827881
0.27091726660728455 0.23764540255069733 2.1644680500030518
-0.28854086995124817 0.0575760155916214 2.3386545181274414
0.24448587000370026 0.33557575941085815 1.9577040672302246
-0.30380186438560486 -0.18986362218856812 2.236013174057007
0.2441936582326889 0.3766692876815796 1.8099762201309204
-0.27718663215637207 -0.3363456428050995 2.1833362579345703
78
0.07684440910816193 -0.9258108735084534 2.0418293476104736
-0.07940018177032471 -0.9254258871078491 2.084078073501587
0.05519220978021622 -0.5340130925178528 2.189640522003174
-0.10048117488622665 -0.5350063443183899 2.215867519378662
0.03790425881743431 -0.1346314549446106 2.2962148189544678
-0.11661330610513687 -0.14041516184806824 2.290107488632202
0.1119016706943512 0.35278797149658203 2.364555835723877
-0.21297913789749146 0.33396202325820923 2.3561954498291016
0.23345603048801422 0.21330909430980682 2.22279691696167
-0.28869736194610596 0.05685398355126381 2.33927845954895
0.2390778511762619 0.26061517000198364 1.9577829837799072
-0.3038192689418793 -0.18972907960414886 2.2362163066864014
0.22174718976020813 0.3000950515270233 1.8155206441879272
-0.26982033252716064 -0.34076568484306335 2.1798698902130127
79
0.07684440910816193 -0.9258108735084534 2.0418293476104736
-0.07940018177032471 -0.9254258871078491 2.084078073501587
0.05519220978021622 -0.5340130925178528 2.189640522003174
-0.10048117488622665 -0.5350063443183899 2.215867519378662
0.03790425881743431 -0.1346314549446106 2.2962148189544678
-0.11661330610513687 -0.14041516184806824 2.290107488632202
0.1119016706943512 0.35278797149658203 2.364555835723877
-0.21297913789749146 0.33396202325820923 2.3561954498291016
0.23345603048801422 0.21330909430980682 2.22279691696167
-0.28869736194610596 0.05685398355126381 2.33927845954895
0.2390778511762619 0.26061517000198364 1.9577829837799072
-0.3038192689418793 -0.18972907960414886 2.2362163066864014
0.22174718976020813 0.3000950515270233 1.8155206441879272
-0.26982033252716064 -0.34076568484306335 2.1798698902130127
80
0.07663891464471817 -0.926130473613739 2.041992425918579
-0.0791240856051445 -0.9237803220748901 2.083688735961914
0.05513444542884827 -0.535106897354126 2.1887547969818115
-0.10103859752416611 -0.536329984664917 2.2151153087615967
0.03719555586576462 -0.13649222254753113 2.2956953048706055
-0.11750058084726334 -0.1418152153491974 2.288729429244995
0.1130845919251442 0.34504029154777527 2.3632514476776123
-0.2152758687734604 0.3330652117729187 2.3564107418060303
0.22695547342300415 0.16032065451145172 2.247467279434204
-0.2889156639575958 0.055924054235219955 2.339855432510376
0.22172793745994568 0.1895582377910614 1.9863660335540771
-0.30354318022727966 -0.18952950835227966 2.236734628677368
0.1840495616197586 0.22850821912288666 1.7956222295761108
-0.272629976272583 -0.3383232057094574 2.1816952228546143
81
0.07663891464471817 -0.926130473613739 2.041992425918579
-0.0791240856051445 -0.9237803220748901 2.083688735961914
0.05513444542884827 -0.535106897354126 2.1887547969818115
-0.10103859752416611 -0.536329984664917 2.2151153087615967
0.03719555586576462 -0.13649222254753113 2.2956953048706055
-0.11750058084726334 -0.1418152153491974 2.288729429244995
0.1130845919251442 0.34504029154777527 2.3632514476776123
-0.2152758687734604 0.3330652117729187 2.3564107418060303
0.22695547342300415 0.16032065451145172 2.247467279434204
-0.2889156639575958 0.055924054235219955 2.339855432510376
0.22172793745994568 0.1895582377910614 1.9863660335540771
-0.30354318022727966 -0.18952950835227966 2.236734628677368
0.1840495616197586 0.22850821912288666 1.7956222295761108
-0.272629976272583 -0.3383232057094574 2.1816952228546143
82
0.07645458728075027 -0.9264007806777954 2.042025089263916
-0.07882444560527802 -0.9235643148422241 2.083545207977295
0.05514444038271904 -0.5366955399513245 2.1879193782806396
-0.10113337635993958 -0.536769449710846 2.2147457599639893
0.036726441234350204 -0.13784657418727875 2.2950663566589355
-0.11808889359235764 -0.14319662749767303 2.287274122238159
0.11345873773097992 0.3413388133049011 2.3627095222473145
-0.21772967278957367 0.33223605155944824 2.356581926345825
0.22543655335903168 0.15956521034240723 2.2776966094970703
-0.28912580013275146 0.05565524101257324 2.339968681335449
0.20075976848602295 0.22764576971530914 2.056676149368286
-0.3030520975589752 -0.18947246670722961 2.2372214794158936
0.1918618381023407 0.14282497763633728 1.8703579902648926
-0.2730746567249298 -0.33910274505615234 2.1815361976623535
83
0.07645458728075027 -0.9264007806777954 2.042025089263916
-0.07882444560527802 -0.9235643148422241 2.083545207977295
0.05514444038271904 -0.5366955399513245 2.1879193782806396
-0.10113337635993958 -0.536769449710846 2.2147457599639893
0.036726441234350204 -0.13784657418727875 2.2950663566589355
-0.11808889359235764 -0.14319662749767303 2.287274122238159
0.11345873773097992 0.3413388133049011 2.3627095222473145
-0.21772967278957367 0.33223605155944824 2.356581926345825
0.22543655335903168 0.15956521034240723 2.2776966094970703
-0.28912580013275146 0.05565524101257324 2.339968681335449
0.20075976848602295 0.22764576971530914 2.056676149368286
-0.3030520975589752 -0.18947246670722961 2.2372214794158936
0.1918618381023407 0.14282497763633728 1.8703579902648926
-0.2730746567249298 -0.33910274505615234 2.1815361976623535
84
0.07654796540737152 -0.9261338114738464 2.041945219039917
-0.07845639437437057 -0.92289799451828 2.0833563804626465
0.05512417107820511 -0.5369006395339966 2.1876115798950195
-0.10143636167049408 -0.537099301815033 2.2144246101379395
0.03597871959209442 -0.13917076587677002 2.294234275817871
-0.11896708607673645 -0.1448383331298828 2.2855703830718994
0.11371166259050369 0.3378109931945801 2.361799955368042
-0.21951515972614288 0.33100268244743347 2.355882167816162
0.22295984625816345 0.1530839055776596 2.280259609222412
-0.28921085596084595 0.05446217581629753 2.3398590087890625
0.21416397392749786 0.0776854157447815 1.9832102060317993
-0.3018864095211029 -0.19067580997943878 2.2371764183044434
0.17767436802387238 0.012695745564997196 1.8552953004837036
-0.26838794350624084 -0.3415372371673584 2.1822516918182373
85
0.07654796540737152 -0.9261338114738464 2.041945219039917
-0.07845639437437057 -0.92289799451828 2.0833563804626465
0.05512417107820511 -0.5369006395339966 2.1876115798950195
-0.10143636167049408 -0.537099301815033 2.2144246101379395
0.03597871959209442 -0.13917076587677002 2.294234275817871
-0.11896708607673645 -0.1448383331298828 2.2855703830718994
0.11371166259050369 0.3378109931945801 2.361799955368042
-0.21951515972614288 0.33100268244743347 2.355882167816162
0.22295984625816345 0.1530839055776596 2.280259609222412
-0.28921085596084595 0.05446217581629753 2.3398590087890625
0.21416397392749786 0.0776854157447815 1.9832102060317993
-0.3018864095211029 -0.19067580997943878 2.2371764183044434
0.17767436802387238 0.012695745564997196 1.8552953004837036
-0.26838794350624084 -0.3415372371673584 2.1822516918182373
86
0.07580063492059708 -0.9253867864608765 2.0420987606048584
-0.07802584767341614 -0.9221640825271606 2.083188056945801
0.055092744529247284 -0.5369476079940796 2.1873903274536133
-0.10194841772317886 -0.5377412438392639 2.2140560150146484
0.03552456572651863 -0.14013323187828064 2.2938425540924072
-0.11939913034439087 -0.14583878219127655 2.284395933151245
0.11325138062238693 0.335658460855484 2.3608345985412598
-0.2208191454410553 0.3301343619823456 2.355414867401123
0.22223183512687683 0.117634117603302 2.2507803440093994
-0.2892581522464752 0.05394893139600754 2.3397982120513916
0.22240206599235535 0.02167370729148388 2.0408523082733154
-0.29975610971450806 -0.19471153616905212 2.2359166145324707
0.16072100400924683 -0.05893154814839363 1.8848824501037598
-0.2659907937049866 -0.3408673405647278 2.175959348678589
87
0.07580063492059708 -0.9253867864608765 2.0420987606048584
-0.07802584767341614 -0.9221640825271606 2.083188056945801
0.055092744529247284 -0.5369476079940796 2.1873903274536133
-0.10194841772317886 -0.5377412438392639 2.2140560150146484
0.03552456572651863 -0.14013323187828064 2.2938425540924072
-0.11939913034439087 -0.14583878219127655 2.284395933151245
0.11325138062238693 0.335658460855484 2.3608345985412598
-0.2208191454410553 0.3301343619823456 2.355414867401123
0.22223183512687683 0.117634117603302 2.2507803440093994
-0.2892581522464752 0.05394893139600754 2.3397982120513916
0.22240206599235535 0.02167370729148388 2.0408523082733154
-0.29975610971450806 -0.19471153616905212 2.2359166145324707
0.16072100400924683 -0.05893154814839363 1.8848824501037598
-0.2659907937049866 -0.3408673405647278 2.175959348678589
88
0.0752159059047699 -0.925077497959137 2.041983127593994
-0.0786171481013298 -0.9216387867927551 2.0827903747558594
0.05475589260458946 -0.5381399393081665 2.187211751937866
-0.10245617479085922 -0.5382612943649292 2.213757276535034
0.03402815759181976 -0.14281265437602997 2.292931079864502
-0.12091727554798126 -0.14831066131591797 2.283099412918091
0.11276482045650482 0.3310072422027588 2.3577330112457275
-0.22188547253608704 0.32915377616882324 2.3550491333007812
0.21934039890766144 0.09781623631715775 2.2444941997528076
-0.2894439101219177 0.051874592900276184 2.339688301086426
0.1996362805366516 -0.02954745478928089 2.0536582469940186
-0.2992734909057617 -0.19481132924556732 2.236022472381592
0.15292368829250336 -0.12763915956020355 1.9224796295166016
-0.2646951675415039 -0.3439554274082184 2.1800038814544678
89
0.0752159059047699 -0.925077497959137 2.041983127593994
-0.0786171481013298 -0.9216387867927551 2.0827903747558594
0.05475589260458946 -0.5381399393081665 2.187211751937866
-0.10245617479085922 -0.5382612943649292 2.213757276535034
0.03402815759181976 -0.14281265437602997 2.292931079864502
-0.12091727554798126 -0.14831066131591797 2.283099412918091
0.11276482045650482 0.3310072422027588 2.3577330112457275
-0.22188547253608704 0.32915377616882324 2.3550491333007812
0.21934039890766144 0.09781623631715775 2.2444941997528076
-0.2894439101219177 0.051874592900276184 2.339688301086426
0.1996362805366516 -0.02954745478928089 2.0536582469940186
-0.2992734909057617 -0.19481132924556732 2.236022472381592
0.15292368829250336 -0.12763915956020355 1.9224796295166016
-0.2646951675415039 -0.3439554274082184 2.1800038814544678
90
0.07478450983762741 -0.9251289367675781 2.041935443878174
-0.07869482040405273 -0.9206092357635498 2.0823187828063965
0.05467883497476578 -0.5383298993110657 2.187150716781616
-0.10250570625066757 -0.5385690331459045 2.213580846786499
0.03369578346610069 -0.143811896443367 2.292955160140991
-0.12105574458837509 -0.14893822371959686 2.2821083068847656
0.11232370138168335 0.32914456725120544 2.3558459281921387
-0.22255957126617432 0.3285411298274994 2.354511260986328
0.21878226101398468 0.07894183695316315 2.24806547164917
-0.28932106494903564 0.05165836215019226 2.339658260345459
0.19294433295726776 -0.08742403984069824 2.0613667964935303
-0.2974334955215454 -0.19712209701538086 2.234785556793213
0.1460805982351303 -0.18577878177165985 1.9625791311264038
-0.26639223098754883 -0.34207284450531006 2.1835386753082275
91
0.07478450983762741 -0.9251289367675781 2.041935443878174
-0.07869482040405273 -0.9206092357635498 2.0823187828063965
0.05467883497476578 -0.5383298993110657 2.187150716781616
-0.10250570625066757 -0.5385690331459045 2.213580846786499
0.03369578346610069 -0.143811896443367 2.292955160140991
-0.12105574458837509 -0.14893822371959686 2.2821083068847656
0.11232370138168335 0.32914456725120544 2.3558459281921387
-0.22255957126617432 0.3285411298274994 2.354511260986328
0.21878226101398468 0.07894183695316315 2.24806547164917
-0.28932106494903564 0.05165836215019226 2.339658260345459
0.19294433295726776 -0.08742403984069824 2.0613667964935303
-0.2974334955215454 -0.19712209701538086 2.234785556793213
0.1460805982351303 -0.18577878177165985 1.9625791311264038
-0.26639223098754883 -0.34207284450531006 2.1835386753082275
92
0.07431632280349731 -0.9251993894577026 2.0419607162475586
-0.07903984934091568 -0.920022189617157 2.0822701454162598
0.05464852973818779 -0.5384016036987305 2.187114715576172
-0.10261396318674088 -0.5386861562728882 2.2134602069854736
0.03364324942231178 -0.14462997019290924 2.2925844192504883
-0.12079080939292908 -0.1495172679424286 2.281404972076416
0.11216108500957489 0.32606804370880127 2.3535854816436768
-0.22306501865386963 0.3281978666782379 2.3541312217712402
0.18295003473758698 0.0925293043255806 2.3159613609313965
-0.2892327606678009 0.05140398070216179 2.339223623275757
0.19472721219062805 -0.09193050861358643 2.125823497772217
-0.29699286818504333 -0.1967345029115677 2.234596014022827
0.15207192301750183 -0.2224523276090622 1.9998223781585693
-0.2609979212284088 -0.34511128067970276 2.1806819438934326
93
0.07431632280349731 -0.9251993894577026 2.0419607162475586
-0.07903984934091568 -0.920022189617157 2.0822701454162598
0.05464852973818779 -0.5384016036987305 2.187114715576172
-0.10261396318674088 -0.5386861562728882 2.2134602069854736
0.03364324942231178 -0.14462997019290924 2.2925844192504883
-0.12079080939292908 -0.1495172679424286 2.281404972076416
0.11216108500957489 0.32606804370880127 2.3535854816436768
-0.22306501865386963 0.3281978666782379 2.3541312217712402
0.18295003473758698 0.0925293043255806 2.3159613609313965
-0.2892327606678009 0.05140398070216179 2.339223623275757
0.19472721219062805 -0.09193050861358643 2.125823497772217
-0.29699286818504333 -0.1967345029115677 2.234596014022827
0.15207192301750183 -0.2224523276090622 1.9998223781585693
-0.2609979212284088 -0.34511128067970276 2.1806819438934326
94
0.07348617166280746 -0.9238028526306152 2.042117118835449
-0.07915729284286499 -0.9197588562965393 2.0822319984436035
0.054644372314214706 -0.5385058522224426 2.1871683597564697
-0.10276899486780167 -0.5387581586837769 2.2134690284729004
0.03400101512670517 -0.14514638483524323 2.2922286987304688
-0.1202603280544281 -0.1499602049589157 2.280996084213257
0.11173228919506073 0.32398512959480286 2.3522605895996094
-0.22353067994117737 0.3279463052749634 2.3538224697113037
0.18177540600299835 0.09035827964544296 2.317349910736084
-0.2891859710216522 0.05123671516776085 2.3388867378234863
0.18857762217521667 -0.12592731416225433 2.1391966342926025
-0.2949542701244354 -0.19880948960781097 2.2326481342315674
0.1583065539598465 -0.2637028992176056 2.0397789478302
-0.26084595918655396 -0.34100010991096497 2.178709030151367
95
0.07348617166280746 -0.9238028526306152 2.042117118835449
-0.07915729284286499 -0.9197588562965393 2.0822319984436035
0.054644372314214706 -0.5385058522224426 2.1871683597564697
-0.10276899486780167 -0.5387581586837769 2.2134690284729004
0.03400101512670517 -0.14514638483524323 2.2922286987304688
-0.1202603280544281 -0.1499602049589157 2.280996084213257
0.11173228919506073 0.32398512959480286 2.3522605895996094
-0.22353067994117737 0.3279463052749634 2.3538224697113037
0.18177540600299835 0.09035827964544296 2.317349910736084
-0.2891859710216522 0.05123671516776085 2.3388867378234863
0.18857762217521667 -0.12592731416225433 2.1391966342926025
-0.2949542701244354 -0.19880948960781097 2.2326481342315674
0.1583065539598465 -0.2637028992176056 2.0397789478302
-0.26084595918655396 -0.34100010991096497 2.178709030151367
96
0.07329704612493515 -0.923679530620575 2.0421559810638428
-0.0789775401353836 -0.9192782044410706 2.0823965072631836
0.05457482114434242 -0.538657546043396 2.1872308254241943
-0.1029094010591507 -0.5390174388885498 2.2136409282684326
0.034946639090776443 -0.14619684219360352 2.2919743061065674
-0.11897750943899155 -0.1505603790283203 2.2800192832946777
0.11152714490890503 0.3231218755245209 2.3515682220458984
-0.2237459421157837 0.32786795496940613 2.353377342224121
0.17955242097377777 0.07959981262683868 2.3176229000091553
-0.28901243209838867 0.051408879458904266 2.338243007659912
0.18879954516887665 -0.14501141011714935 2.1579127311706543
-0.29436224699020386 -0.19608330726623535 2.2332143783569336
0.1631411612033844 -0.29353564977645874 2.081106424331665
-0.2592281401157379 -0.33725711703300476 2.172545909881592
97
0.07329704612493515 -0.923679530620575 2.0421559810638428
-0.0789775401353836 -0.9192782044410706 2.0823965072631836
0.05457482114434242 -0.538657546043396 2.1872308254241943
-0.1029094010591507 -0.5390174388885498 2.2136409282684326
0.034946639090776443 -0.14619684219360352 2.2919743061065674
-0.11897750943899155 -0.1505603790283203 2.2800192832946777
0.11152714490890503 0.3231218755245209 2.3515682220458984
-0.2237459421157837 0.32786795496940613 2.353377342224121
0.17955242097377777 0.07959981262683868 2.3176229000091553
-0.28901243209838867 0.051408879458904266 2.338243007659912
0.18879954516887665 -0.14501141011714935 2.1579127311706543
-0.29436224699020386 -0.19608330726623535 2.2332143783569336
0.1631411612033844 -0.29353564977645874 2.081106424331665
-0.2592281401157379 -0.33725711703300476 2.172545909881592
98
0.07307329773902893 -0.92420494556427 2.0422110557556152
-0.07869420200586319 -0.9175373911857605 2.082258701324463
0.05449540168046951 -0.5392445921897888 2.1873371601104736
-0.10328614711761475 -0.5391473174095154 2.2138195037841797
0.03564270958304405 -0.14688459038734436 2.2915170192718506
-0.11780387163162231 -0.1511538326740265 2.2795798778533936
0.1115032508969307 0.3222896456718445 2.3510138988494873
-0.22389300167560577 0.32789334654808044 2.3530280590057373
0.1774265021085739 0.07123389095067978 2.32022762298584
-0.28877219557762146 0.05194127559661865 2.337189197540283
0.18943938612937927 -0.16046375036239624 2.1761927604675293
-0.2935180068016052 -0.19321386516094208 2.2322044372558594
0.16604623198509216 -0.3039996325969696 2.104923963546753
-0.2564040422439575 -0.34048160910606384 2.172919988632202
99
0.07307329773902893 -0.92420494556427 2.0422110557556152
-0.07869420200586319 -0.9175373911857605 2.082258701324463
0.05449540168046951 -0.5392445921897888 2.1873371601104736
-0.10328614711761475 -0.5391473174095154 2.2138195037841797
0.03564270958304405 -0.14688459038734436 2.2915170192718506
-0.11780387163162231 -0.1511538326740265 2.2795798778533936
0.1115032508969307 0.3222896456718445 2.3510138988494873
-0.22389300167560577 0.32789334654808044 2.3530280590057373
0.1774265021085739 0.07123389095067978 2.32022762298584
-0.28877219557762146 0.05194127559661865 2.337189197540283
0.18943938612937927 -0.16046375036239624 2.1761927604675293
-0.2935180068016052 -0.19321386516094208 2.2322044372558594
0.16604623198509216 -0.3039996325969696 2.104923963546753
-0.2564040422439575 -0.34048160910606384 2.172919988632202
100
0.07328110933303833 -0.9228166937828064 2.042646646499634
-0.07870329916477203 -0.91762775182724 2.0823404788970947
0.05425006523728371 -0.5402547121047974 2.187755823135376
-0.10356371849775314 -0.5395185947418213 2.2139906883239746
0.03578780218958855 -0.14716514945030212 2.291437864303589
-0.1176629289984703 -0.15122029185295105 2.279438018798828
0.11159233748912811 0.3215087056159973 2.3505606651306152
-0.22407464683055878 0.3278082609176636 2.3523693084716797
0.17574670910835266 0.0674540176987648 2.3240268230438232
-0.2883276045322418 0.05243745818734169 2.336350917816162
0.18906906247138977 -0.16116127371788025 2.1894991397857666
-0.29297730326652527 -0.19124232232570648 2.2311389446258545
0.17778021097183228 -0.3072357475757599 2.1209819316864014
-0.258281409740448 -0.33541783690452576 2.168102741241455
101
0.07328110933303833 -0.9228166937828064 2.042646646499634
-0.07870329916477203 -0.91762775182724 2.0823404788970947
0.05425006523728371 -0.5402547121047974 2.187755823135376
-0.10356371849775314 -0.5395185947418213 2.2139906883239746
0.03578780218958855 -0.14716514945030212 2.291437864303589
-0.1176629289984703 -0.15122029185295105 2.279438018798828
0.11159233748912811 0.3215087056159973 2.3505606651306152
-0.22407464683055878 0.3278082609176636 2.3523693084716797
0.17574670910835266 0.0674540176987648 2.3240268230438232
-0.2883276045322418 0.05243745818734169 2.336350917816162
0.18906906247138977 -0.16116127371788025 2.1894991397857666
-0.29297730326652527 -0.19124232232570648 2.2311389446258545
0.17778021097183228 -0.3072357475757599 2.1209819316864014
-0.258281409740448 -0.33541783690452576 2.168102741241455
102
0.07341887801885605 -0.9233545660972595 2.042583703994751
-0.07849305123090744 -0.9175456762313843 2.0823771953582764
0.053702957928180695 -0.5430792570114136 2.1883246898651123
-0.10382705926895142 -0.5398322939872742 2.21413516998291
0.03589531406760216 -0.14743560552597046 2.2913310527801514
-0.11747844517230988 -0.15132901072502136 2.2792489528656006
0.11172471940517426 0.3211694657802582 2.350280284881592
-0.22388233244419098 0.32798439264297485 2.351825714111328
0.17439144849777222 0.06297799199819565 2.3300108909606934
-0.2880617380142212 0.05258273333311081 2.335367202758789
0.18819768726825714 -0.17414437234401703 2.1974191665649414
-0.29086029529571533 -0.19413678348064423 2.2264413833618164
0.16818027198314667 -0.3192023038864136 2.131962537765503
-0.25217220187187195 -0.33954817056655884 2.1642801761627197
103
0.07366202026605606 -0.9233535528182983 2.0425848960876465
-0.07815632969141006 -0.9171733856201172 2.082284688949585
0.05354054272174835 -0.5428001880645752 2.18831729888916
-0.10405797511339188 -0.5345863103866577 2.213994264602661
0.03618517518043518 -0.14776264131069183 2.2912685871124268
-0.11711625009775162 -0.15138350427150726 2.2788705825805664
0.1119372546672821 0.3206808269023895 2.349989652633667
-0.22372546792030334 0.328174889087677 2.3509812355041504
0.17330172657966614 0.06153112277388573 2.3375720977783203
-0.28768855333328247 0.05387728661298752 2.3337721824645996
0.18796224892139435 -0.17203043401241302 2.2091891765594482
-0.2905535101890564 -0.19207103550434113 2.2248315811157227
0.16690056025981903 -0.3154468238353729 2.138563394546509
-0.25609245896339417 -0.33441755175590515 2.160841941833496
