0
0.05131174623966217 -1.236162543296814 3.249523878097534
-0.17598885297775269 -1.1515460014343262 3.082555055618286
0.08760501444339752 -0.7946211099624634 3.1556246280670166
-0.11655697971582413 -0.7238603234291077 2.934976816177368
0.07528524845838547 -0.4461628198623657 3.188079357147217
-0.08277744799852371 -0.45382383465766907 3.185084104537964
0.11316093057394028 0.05810295045375824 3.1478748321533203
-0.1984480321407318 0.025050656870007515 3.1362409591674805
0.20776183903217316 -0.18845351040363312 3.1799111366271973
-0.2447841763496399 -0.201222226023674 3.2618370056152344
0.2795635759830475 -0.32020777463912964 3.03507399559021
-0.26515263319015503 -0.47076278924942017 3.255458354949951
0.3583841323852539 -0.36490321159362793 2.867563009262085
-0.26207414269447327 -0.6152677536010742 3.232168436050415
1
0.04979196935892105 -1.2364003658294678 3.2493574619293213
-0.14457866549491882 -1.1346452236175537 2.917628526687622
0.08734791725873947 -0.792935848236084 3.1221134662628174
-0.10764291882514954 -0.7091768980026245 2.8804104328155518
0.08258247375488281 -0.4476723372936249 3.1443521976470947
-0.07724829763174057 -0.459261953830719 3.162827491760254
0.10574282705783844 0.057595960795879364 3.0853779315948486
-0.2033194601535797 0.016571637243032455 3.116875648498535
0.20891565084457397 -0.1775350719690323 3.1212568283081055
-0.2376648485660553 -0.20139405131340027 3.257185220718384
0.2515888512134552 -0.33982202410697937 2.999622344970703
-0.2482604682445526 -0.46585381031036377 3.276836633682251
0.2714258134365082 -0.4276500642299652 2.8684418201446533
-0.2442813664674759 -0.6107466220855713 3.2630043029785156
2
0.04979196935892105 -1.2364003658294678 3.2493574619293213
-0.14457866549491882 -1.1346452236175537 2.917628526687622
0.08734791725873947 -0.792935848236084 3.1221134662628174
-0.10764291882514954 -0.7091768980026245 2.8804104328155518
0.08258247375488281 -0.4476723372936249 3.1443521976470947
-0.07724829763174057 -0.459261953830719 3.162827491760254
0.10574282705783844 0.057595960795879364 3.0853779315948486
-0.2033194601535797 0.016571637243032455 3.116875648498535
0.20891565084457397 -0.1775350719690323 3.1212568283081055
-0.2376648485660553 -0.20139405131340027 3.257185220718384
0.2515888512134552 -0.33982202410697937 2.999622344970703
-0.2482604682445526 -0.46585381031036377 3.276836633682251
0.2714258134365082 -0.4276500642299652 2.8684418201446533
-0.2442813664674759 -0.6107466220855713 3.2630043029785156
3
0.014671090990304947 -1.1719169616699219 3.1073670387268066
-0.10095144808292389 -1.112230896949768 2.7740373611450195
0.08599763363599777 -0.788178563117981 3.0974769592285156
-0.11468441784381866 -0.6721158623695374 2.813774824142456
0.09504528343677521 -0.44881054759025574 3.093149185180664
-0.06249634921550751 -0.4666059613227844 3.124605178833008
0.08507472276687622 0.0559702105820179 3.0228888988494873
-0.20026887953281403 0.01582390069961548 3.091510534286499
0.20316362380981445 -0.18548798561096191 3.0528390407562256
-0.21761634945869446 -0.1939302384853363 3.2446436882019043
0.22956794500350952 -0.38626500964164734 2.950286626815796
-0.23178385198116302 -0.4555565118789673 3.280266523361206
0.2628506124019623 -0.49355900287628174 2.861198902130127
-0.22619503736495972 -0.5921519994735718 3.2580225467681885
4
0.014671090990304947 -1.1719169616699219 3.1073670387268066
-0.10095144808292389 -1.112230896949768 2.7740373611450195
0.08599763363599777 -0.788178563117981 3.0974769592285156
-0.11468441784381866 -0.6721158623695374 2.813774824142456
0.09504528343677521 -0.44881054759025574 3.093149185180664
-0.06249634921550751 -0.4666059613227844 3.124605178833008
0.08507472276687622 0.0559702105820179 3.0228888988494873
-0.20026887953281403 0.01582390069961548 3.091510534286499
0.20316362380981445 -0.18548798561096191 3.0528390407562256
-0.21761634945869446 -0.1939302384853363 3.2446436882019043
0.22956794500350952 -0.38626500964164734 2.950286626815796
-0.23178385198116302 -0.4555565118789673 3.280266523361206
0.2628506124019623 -0.49355900287628174 2.861198902130127
-0.22619503736495972 -0.5921519994735718 3.2580225467681885
5
0.06216609477996826 -1.2185389995574951 3.1795551776885986
-0.06257712841033936 -1.0850026607513428 2.6398000717163086
0.08807054162025452 -0.7839874029159546 3.05963397026062
-0.11627185344696045 -0.6699127554893494 2.765974283218384
0.10203593969345093 -0.4463012218475342 3.0439140796661377
-0.047527067363262177 -0.46991586685180664 3.077300786972046
0.06781076639890671 0.05851011723279953 2.966254472732544
-0.20038990676403046 0.01330544613301754 3.0688605308532715
0.1871955394744873 -0.18519248068332672 2.979011058807373
-0.2009471207857132 -0.1916588395833969 3.228233814239502
0.19474375247955322 -0.4271560311317444 2.92681884765625
-0.20335079729557037 -0.4328528344631195 3.2568023204803467
0.22881627082824707 -0.5682759284973145 2.8407156467437744
-0.22162491083145142 -0.5709754228591919 3.234119415283203
6
0.06216609477996826 -1.2185389995574951 3.1795551776885986
-0.06257712841033936 -1.0850026607513428 2.6398000717163086
0.08807054162025452 -0.7839874029159546 3.05963397026062
-0.11627185344696045 -0.6699127554893494 2.765974283218384
0.10203593969345093 -0.4463012218475342 3.0439140796661377
-0.047527067363262177 -0.46991586685180664 3.077300786972046
0.06781076639890671 0.05851011723279953 2.966254472732544
-0.20038990676403046 0.01330544613301754 3.0688605308532715
0.1871955394744873 -0.18519248068332672 2.979011058807373
-0.2009471207857132 -0.1916588395833969 3.228233814239502
0.19474375247955322 -0.4271560311317444 2.92681884765625
-0.20335079729557037 -0.4328528344631195 3.2568023204803467
0.22881627082824707 -0.5682759284973145 2.8407156467437744
-0.22162491083145142 -0.5709754228591919 3.234119415283203
7
0.06021019443869591 -1.2183687686920166 3.171280860900879
-0.041961669921875 -1.056640625 2.51171875
0.09453011304140091 -0.8108252286911011 3.0070996284484863
-0.09837429225444794 -0.7159013748168945 2.6985504627227783
0.09336017817258835 -0.4449775516986847 2.9849653244018555
-0.05096887797117233 -0.4678664207458496 3.0419509410858154
0.054736532270908356 0.06024441495537758 2.9076642990112305
-0.20443488657474518 0.018025772646069527 3.0418484210968018
0.16504712402820587 -0.18863098323345184 2.912705183029175
-0.17568309605121613 -0.1860920488834381 3.200058698654175
0.1633230447769165 -0.4587763249874115 2.8775789737701416
-0.19061435759067535 -0.43554022908210754 3.2242119312286377
0.19418534636497498 -0.6080090999603271 2.8381335735321045
-0.20761139690876007 -0.5536762475967407 3.1767940521240234
8
0.06021019443869591 -1.2183687686920166 3.171280860900879
-0.041961669921875 -1.056640625 2.51171875
0.09453011304140091 -0.8108252286911011 3.0070996284484863
-0.09837429225444794 -0.7159013748168945 2.6985504627227783
0.09336017817258835 -0.4449775516986847 2.9849653244018555
-0.05096887797117233 -0.4678664207458496 3.0419509410858154
0.054736532270908356 0.06024441495537758 2.9076642990112305
-0.20443488657474518 0.018025772646069527 3.0418484210968018
0.16504712402820587 -0.18863098323345184 2.912705183029175
-0.17568309605121613 -0.1860920488834381 3.200058698654175
0.1633230447769165 -0.4587763249874115 2.8775789737701416
-0.19061435759067535 -0.43554022908210754 3.2242119312286377
0.19418534636497498 -0.6080090999603271 2.8381335735321045
-0.20761139690876007 -0.5536762475967407 3.1767940521240234
9
0.03390100598335266 -1.1252870559692383 3.037565231323242
-0.0289764404296875 -1.0517578125 2.431640625
0.10891470313072205 -0.7884058952331543 2.9133286476135254
-0.0787513256072998 -0.710569441318512 2.6687633991241455
0.08728808164596558 -0.43557655811309814 2.919658660888672
-0.04853058233857155 -0.46679946780204773 2.981905460357666
0.04114396870136261 0.0668846145272255 2.8615052700042725
-0.20460690557956696 0.02033400908112526 3.0022716522216797
0.13712172210216522 -0.18874119222164154 2.856161594390869
-0.16938069462776184 -0.19371888041496277 3.147388219833374
0.13877496123313904 -0.45166507363319397 2.8232760429382324
-0.17660032212734222 -0.4439920485019684 3.163181781768799
0.14612235128879547 -0.5981075167655945 2.784935712814331
-0.19768740236759186 -0.5677404403686523 3.1165771484375
10
0.03390100598335266 -1.1252870559692383 3.037565231323242
-0.0289764404296875 -1.0517578125 2.431640625
0.10891470313072205 -0.7884058952331543 2.9133286476135254
-0.0787513256072998 -0.710569441318512 2.6687633991241455
0.08728808164596558 -0.43557655811309814 2.919658660888672
-0.04853058233857155 -0.46679946780204773 2.981905460357666
0.04114396870136261 0.0668846145272255 2.8615052700042725
-0.20460690557956696 0.02033400908112526 3.0022716522216797
0.13712172210216522 -0.18874119222164154 2.856161594390869
-0.16938069462776184 -0.19371888041496277 3.147388219833374
0.13877496123313904 -0.45166507363319397 2.8232760429382324
-0.17660032212734222 -0.4439920485019684 3.163181781768799
0.14612235128879547 -0.5981075167655945 2.784935712814331
-0.19768740236759186 -0.5677404403686523 3.1165771484375
11
0.06667576730251312 -1.0884218215942383 2.9425978660583496
-0.022105161100625992 -1.0583609342575073 2.42811918258667
0.12286606431007385 -0.7669370770454407 2.7994039058685303
-0.060788217931985855 -0.7085660696029663 2.6350836753845215
0.09344872087240219 -0.42712825536727905 2.8708717823028564
-0.04078315570950508 -0.464761883020401 2.9304211139678955
0.03591031953692436 0.06451915204524994 2.822934865951538
-0.20637035369873047 0.01613083854317665 2.9699175357818604
0.129127636551857 -0.1925482600927353 2.801058530807495
-0.17424581944942474 -0.20363812148571014 3.108099937438965
0.09262479841709137 -0.45683595538139343 2.7401022911071777
-0.15904226899147034 -0.4291988015174866 3.0792062282562256
0.07816755771636963 -0.5769751071929932 2.693364381790161
-0.18464767932891846 -0.5801307559013367 3.0463144779205322
12
0.06667576730251312 -1.0884218215942383 2.9425978660583496
-0.022105161100625992 -1.0583609342575073 2.42811918258667
0.12286606431007385 -0.7669370770454407 2.7994039058685303
-0.060788217931985855 -0.7085660696029663 2.6350836753845215
0.09344872087240219 -0.42712825536727905 2.8708717823028564
-0.04078315570950508 -0.464761883020401 2.9304211139678955
0.03591031953692436 0.06451915204524994 2.822934865951538
-0.20637035369873047 0.01613083854317665 2.9699175357818604
0.129127636551857 -0.1925482600927353 2.801058530807495
-0.17424581944942474 -0.20363812148571014 3.108099937438965
0.09262479841709137 -0.45683595538139343 2.7401022911071777
-0.15904226899147034 -0.4291988015174866 3.0792062282562256
0.07816755771636963 -0.5769751071929932 2.693364381790161
-0.18464767932891846 -0.5801307559013367 3.0463144779205322
13
0.09979528188705444 -1.0882083177566528 2.831139087677002
-0.004102669656276703 -1.0655404329299927 2.431251287460327
0.12078259140253067 -0.7703705430030823 2.68817138671875
-0.08577898144721985 -0.6842120885848999 2.5656673908233643
0.1050945520401001 -0.4410419166088104 2.8231916427612305
-0.026715783402323723 -0.4821329116821289 2.8776321411132812
0.03399283066391945 0.055940285325050354 2.7863097190856934
-0.20633745193481445 -0.004390740767121315 2.934941053390503
0.12554369866847992 -0.1903264820575714 2.748225212097168
-0.16567343473434448 -0.22869250178337097 3.0642902851104736
0.06052369624376297 -0.42209503054618835 2.6611945629119873
-0.17138387262821198 -0.4871578514575958 2.9719390869140625
0.005899327341467142 -0.5367692112922668 2.5739855766296387
-0.2046465277671814 -0.6005079746246338 2.9078335762023926
14
0.09979528188705444 -1.0882083177566528 2.831139087677002
-0.004102669656276703 -1.0655404329299927 2.431251287460327
0.12078259140253067 -0.7703705430030823 2.68817138671875
-0.08577898144721985 -0.6842120885848999 2.5656673908233643
0.1050945520401001 -0.4410419166088104 2.8231916427612305
-0.026715783402323723 -0.4821329116821289 2.8776321411132812
0.03399283066391945 0.055940285325050354 2.7863097190856934
-0.20633745193481445 -0.004390740767121315 2.934941053390503
0.12554369866847992 -0.1903264820575714 2.748225212097168
-0.16567343473434448 -0.22869250178337097 3.0642902851104736
0.06052369624376297 -0.42209503054618835 2.6611945629119873
-0.17138387262821198 -0.4871578514575958 2.9719390869140625
0.005899327341467142 -0.5367692112922668 2.5739855766296387
-0.2046465277671814 -0.6005079746246338 2.9078335762023926
15
0.15771982073783875 -1.088735580444336 2.723748207092285
0.00548124685883522 -1.083673357963562 2.423529624938965
0.11898528784513474 -0.7718726992607117 2.5972065925598145
-0.07726851105690002 -0.7256520986557007 2.5303261280059814
0.08636079728603363 -0.45849609375 2.7734451293945312
-0.04709264263510704 -0.49839890003204346 2.8476476669311523
0.03394108638167381 0.04656749963760376 2.7577905654907227
-0.20490528643131256 -0.025944113731384277 2.8993353843688965
0.12205488234758377 -0.18159686028957367 2.68768310546875
-0.15560345351696014 -0.28271180391311646 2.957545757293701
0.02491134963929653 -0.38132697343826294 2.5674867630004883
-0.1932653933763504 -0.5109131932258606 2.8053267002105713
-0.07851157337427139 -0.4756568372249603 2.513113021850586
-0.2273334413766861 -0.6258061528205872 2.741063117980957
16
0.15771982073783875 -1.088735580444336 2.723748207092285
0.00548124685883522 -1.083673357963562 2.423529624938965
0.11898528784513474 -0.7718726992607117 2.5972065925598145
-0.07726851105690002 -0.7256520986557007 2.5303261280059814
0.08636079728603363 -0.45849609375 2.7734451293945312
-0.04709264263510704 -0.49839890003204346 2.8476476669311523
0.03394108638167381 0.04656749963760376 2.7577905654907227
-0.20490528643131256 -0.025944113731384277 2.8993353843688965
0.12205488234758377 -0.18159686028957367 2.68768310546875
-0.15560345351696014 -0.28271180391311646 2.957545757293701
0.02491134963929653 -0.38132697343826294 2.5674867630004883
-0.1932653933763504 -0.5109131932258606 2.8053267002105713
-0.07851157337427139 -0.4756568372249603 2.513113021850586
-0.2273334413766861 -0.6258061528205872 2.741063117980957
17
0.2715313136577606 -1.1280975341796875 2.70121431350708
-0.04978308454155922 -1.0568042993545532 2.3487143516540527
0.11227576434612274 -0.7676951885223389 2.517094373703003
-0.08858471363782883 -0.7456546425819397 2.4870855808258057
0.0673341453075409 -0.4584747552871704 2.699390172958374
-0.06538878381252289 -0.5025250315666199 2.768615245819092
0.03856261074542999 0.033721473067998886 2.721090316772461
-0.20427437126636505 -0.047633640468120575 2.8670454025268555
0.12227839976549149 -0.15651635825634003 2.6310596466064453
-0.17474505305290222 -0.2742990255355835 2.8750693798065186
0.048216212540864944 -0.3003500998020172 2.50066876411438
-0.20349791646003723 -0.4370524287223816 2.702136993408203
-0.06205625832080841 -0.3253035247325897 2.444570779800415
-0.26463642716407776 -0.5438010692596436 2.566056966781616
18
0.2940903902053833 -1.0829628705978394 2.515937566757202
-0.039699431508779526 -1.0465043783187866 2.3530256748199463
0.09474782645702362 -0.7345758080482483 2.4402856826782227
-0.09403055906295776 -0.7385807633399963 2.4725704193115234
0.09093034267425537 -0.4543103277683258 2.704493761062622
-0.05967675521969795 -0.4991849362850189 2.767181396484375
0.03803006559610367 0.029440147802233696 2.704604387283325
-0.18781445920467377 -0.030389076098799706 2.8177151679992676
0.1162642166018486 -0.13181154429912567 2.550999164581299
-0.1841616928577423 -0.2980539798736572 2.7468044757843018
-0.014870375394821167 -0.21852697432041168 2.4140708446502686
-0.24058222770690918 -0.364359974861145 2.520191192626953
-0.12523676455020905 -0.17954197525978088 2.3373985290527344
-0.2830001711845398 -0.38794970512390137 2.415761709213257
19
0.2940903902053833 -1.0829628705978394 2.515937566757202
-0.039699431508779526 -1.0465043783187866 2.3530256748199463
0.09474782645702362 -0.7345758080482483 2.4402856826782227
-0.09403055906295776 -0.7385807633399963 2.4725704193115234
0.09093034267425537 -0.4543103277683258 2.704493761062622
-0.05967675521969795 -0.4991849362850189 2.767181396484375
0.03803006559610367 0.029440147802233696 2.704604387283325
-0.18781445920467377 -0.030389076098799706 2.8177151679992676
0.1162642166018486 -0.13181154429912567 2.550999164581299
-0.1841616928577423 -0.2980539798736572 2.7468044757843018
-0.014870375394821167 -0.21852697432041168 2.4140708446502686
-0.24058222770690918 -0.364359974861145 2.520191192626953
-0.12523676455020905 -0.17954197525978088 2.3373985290527344
-0.2830001711845398 -0.38794970512390137 2.415761709213257
20
0.2777140140533447 -1.0529680252075195 2.3461196422576904
4.215724766254425e-05 -1.1156021356582642 2.4218451976776123
0.07849368453025818 -0.7166598439216614 2.3543121814727783
-0.10298111289739609 -0.7363950610160828 2.4476358890533447
0.1042402982711792 -0.4410272538661957 2.750566244125366
-0.0320805087685585 -0.47671058773994446 2.7877426147460938
0.04957186430692673 0.0271398164331913 2.6518142223358154
-0.1873820722103119 -0.04062435403466225 2.802318811416626
0.1037537083029747 -0.10015890002250671 2.451413869857788
-0.18915952742099762 -0.285799115896225 2.665281295776367
-0.026273250579833984 -0.15811799466609955 2.2978546619415283
-0.2353164404630661 -0.20991015434265137 2.4034836292266846
-0.09281927347183228 -0.07310324162244797 2.348013401031494
-0.2799467146396637 -0.12324585765600204 2.288240671157837
21
0.2777140140533447 -1.0529680252075195 2.3461196422576904
4.215724766254425e-05 -1.1156021356582642 2.4218451976776123
0.07849368453025818 -0.7166598439216614 2.3543121814727783
-0.10298111289739609 -0.7363950610160828 2.4476358890533447
0.1042402982711792 -0.4410272538661957 2.750566244125366
-0.0320805087685585 -0.47671058773994446 2.7877426147460938
0.04957186430692673 0.0271398164331913 2.6518142223358154
-0.1873820722103119 -0.04062435403466225 2.802318811416626
0.1037537083029747 -0.10015890002250671 2.451413869857788
-0.18915952742099762 -0.285799115896225 2.665281295776367
-0.026273250579833984 -0.15811799466609955 2.2978546619415283
-0.2353164404630661 -0.20991015434265137 2.4034836292266846
-0.09281927347183228 -0.07310324162244797 2.348013401031494
-0.2799467146396637 -0.12324585765600204 2.288240671157837
22
0.23943480849266052 -1.0261861085891724 2.21980619430542
0.0018763355910778046 -1.1137440204620361 2.422889471054077
0.060054242610931396 -0.5871914625167847 2.3276238441467285
-0.116573266685009 -0.6808077692985535 2.4131662845611572
0.16338257491588593 -0.4971911311149597 2.6883773803710938
0.02288081869482994 -0.5497325658798218 2.744184970855713
0.07097884267568588 0.09642644226551056 2.616611957550049
-0.16612818837165833 -0.05651848018169403 2.7298362255096436
0.08892998099327087 -0.022837145254015923 2.3655128479003906
-0.22614803910255432 -0.1822815090417862 2.4941959381103516
-0.0834624320268631 0.08007751405239105 2.3341925144195557
-0.2146468311548233 0.0300999004393816 2.360621690750122
-0.1888672411441803 0.15904486179351807 2.3327863216400146
-0.16848322749137878 0.1747463196516037 2.3413312435150146
23
0.23943480849266052 -1.0261861085891724 2.21980619430542
0.0018763355910778046 -1.1137440204620361 2.422889471054077
0.060054242610931396 -0.5871914625167847 2.3276238441467285
-0.116573266685009 -0.6808077692985535 2.4131662845611572
0.16338257491588593 -0.4971911311149597 2.6883773803710938
0.02288081869482994 -0.5497325658798218 2.744184970855713
0.07097884267568588 0.09642644226551056 2.616611957550049
-0.16612818837165833 -0.05651848018169403 2.7298362255096436
0.08892998099327087 -0.022837145254015923 2.3655128479003906
-0.22614803910255432 -0.1822815090417862 2.4941959381103516
-0.0834624320268631 0.08007751405239105 2.3341925144195557
-0.2146468311548233 0.0300999004393816 2.360621690750122
-0.1888672411441803 0.15904486179351807 2.3327863216400146
-0.16848322749137878 0.1747463196516037 2.3413312435150146
24
0.2071775197982788 -1.0532368421554565 2.1248998641967773
0.001020185649394989 -1.1132586002349854 2.421895980834961
0.04458830878138542 -0.6114397644996643 2.262965679168701
-0.12874069809913635 -0.6871302127838135 2.3738420009613037
0.15499162673950195 -0.49808216094970703 2.6636528968811035
-0.026544248685240746 -0.536237359046936 2.705538034439087
0.072858065366745 -0.0336843803524971 2.6049253940582275
-0.1437491923570633 -0.0526747927069664 2.682985782623291
0.08174646645784378 0.08503369241952896 2.3459625244140625
-0.23329487442970276 -0.03756022825837135 2.4415388107299805
-0.06837332993745804 0.21733492612838745 2.3540890216827393
-0.19239717721939087 0.18283897638320923 2.4094045162200928
-0.15326793491840363 0.30792251229286194 2.392888307571411
-0.18842901289463043 0.31936296820640564 2.4182021617889404
25
0.2071775197982788 -1.0532368421554565 2.1248998641967773
0.001020185649394989 -1.1132586002349854 2.421895980834961
0.04458830878138542 -0.6114397644996643 2.262965679168701
-0.12874069809913635 -0.6871302127838135 2.3738420009613037
0.15499162673950195 -0.49808216094970703 2.6636528968811035
-0.026544248685240746 -0.536237359046936 2.705538034439087
0.072858065366745 -0.0336843803524971 2.6049253940582275
-0.1437491923570633 -0.0526747927069664 2.682985782623291
0.08174646645784378 0.08503369241952896 2.3459625244140625
-0.23329487442970276 -0.03756022825837135 2.4415388107299805
-0.06837332993745804 0.21733492612838745 2.3540890216827393
-0.19239717721939087 0.18283897638320923 2.4094045162200928
-0.15326793491840363 0.30792251229286194 2.392888307571411
-0.18842901289463043 0.31936296820640564 2.4182021617889404
26
0.2110074758529663 -1.0538537502288818 2.1268818378448486
0.004556557163596153 -1.1102321147918701 2.42354154586792
0.04373231530189514 -0.6088655591011047 2.2575268745422363
-0.13300766050815582 -0.6853064298629761 2.3506221771240234
0.12879592180252075 -0.47299617528915405 2.6146388053894043
-0.021903637796640396 -0.49993565678596497 2.658440351486206
0.07400178164243698 0.042429354041814804 2.5717179775238037
-0.13829688727855682 0.00295392912812531 2.6537039279937744
0.08167223632335663 0.19373124837875366 2.3614871501922607
-0.22906939685344696 0.10790309309959412 2.447373390197754
-0.056764211505651474 0.34040024876594543 2.3956284523010254
-0.16142553091049194 0.2961714267730713 2.4541127681732178
-0.10093055665493011 0.39361822605133057 2.4409942626953125
-0.13750915229320526 0.4228828549385071 2.480668067932129
27
0.2110074758529663 -1.0538537502288818 2.1268818378448486
0.004556557163596153 -1.1102321147918701 2.42354154586792
0.04373231530189514 -0.6088655591011047 2.2575268745422363
-0.13300766050815582 -0.6853064298629761 2.3506221771240234
0.12879592180252075 -0.47299617528915405 2.6146388053894043
-0.021903637796640396 -0.49993565678596497 2.658440351486206
0.07400178164243698 0.042429354041814804 2.5717179775238037
-0.13829688727855682 0.00295392912812531 2.6537039279937744
0.08167223632335663 0.19373124837875366 2.3614871501922607
-0.22906939685344696 0.10790309309959412 2.447373390197754
-0.056764211505651474 0.34040024876594543 2.3956284523010254
-0.16142553091049194 0.2961714267730713 2.4541127681732178
-0.10093055665493011 0.39361822605133057 2.4409942626953125
-0.13750915229320526 0.4228828549385071 2.480668067932129
28
0.16126877069473267 -0.9947841167449951 2.0615224838256836
-0.03173356503248215 -1.0262980461120605 2.3092730045318604
0.045301005244255066 -0.6008642911911011 2.247403383255005
-0.12362167239189148 -0.6309682130813599 2.3673105239868164
0.09327766299247742 -0.3627263605594635 2.5842769145965576
-0.05783304199576378 -0.3796859681606293 2.6371734142303467
0.08125033229589462 0.15650984644889832 2.552083969116211
-0.12095878273248672 0.1962384730577469 2.651616096496582
0.07972970604896545 0.31495094299316406 2.386683464050293
-0.22779694199562073 0.22569000720977783 2.462883949279785
-0.05208010599017143 0.4460674226284027 2.447667121887207
-0.1527610719203949 0.4026409685611725 2.506624460220337
-0.09419862180948257 0.48366957902908325 2.5111684799194336
-0.11887019127607346 0.5181366801261902 2.5467348098754883
29
0.16126877069473267 -0.9947841167449951 2.0615224838256836
-0.03173356503248215 -1.0262980461120605 2.3092730045318604
0.045301005244255066 -0.6008642911911011 2.247403383255005
-0.12362167239189148 -0.6309682130813599 2.3673105239868164
0.09327766299247742 -0.3627263605594635 2.5842769145965576
-0.05783304199576378 -0.3796859681606293 2.6371734142303467
0.08125033229589462 0.15650984644889832 2.552083969116211
-0.12095878273248672 0.1962384730577469 2.651616096496582
0.07972970604896545 0.31495094299316406 2.386683464050293
-0.22779694199562073 0.22569000720977783 2.462883949279785
-0.05208010599017143 0.4460674226284027 2.447667121887207
-0.1527610719203949 0.4026409685611725 2.506624460220337
-0.09419862180948257 0.48366957902908325 2.5111684799194336
-0.11887019127607346 0.5181366801261902 2.5467348098754883
30
0.16193261742591858 -0.970315158367157 2.0579540729522705
-0.029720790684223175 -1.0091441869735718 2.2966339588165283
0.05810583382844925 -0.5708490014076233 2.2345213890075684
-0.11627857387065887 -0.6101884841918945 2.371734619140625
0.0999269038438797 -0.2871192991733551 2.524474859237671
-0.047290902584791183 -0.3278180658817291 2.598522186279297
0.09828440099954605 0.21341754496097565 2.55002760887146
-0.1380774825811386 0.12211187928915024 2.624345302581787
0.08677023649215698 0.4100513458251953 2.42163348197937
-0.2205643206834793 0.3224204182624817 2.4861810207366943
-0.025041811168193817 0.5527816414833069 2.4918909072875977
-0.14481951296329498 0.5006660223007202 2.5228476524353027
-0.0829882100224495 0.5569246411323547 2.5825421810150146
-0.13185180723667145 0.568408191204071 2.5871872901916504
31
0.16193261742591858 -0.970315158367157 2.0579540729522705
-0.029720790684223175 -1.0091441869735718 2.2966339588165283
0.05810583382844925 -0.5708490014076233 2.2345213890075684
-0.11627857387065887 -0.6101884841918945 2.371734619140625
0.0999269038438797 -0.2871192991733551 2.524474859237671
-0.047290902584791183 -0.3278180658817291 2.598522186279297
0.09828440099954605 0.21341754496097565 2.55002760887146
-0.1380774825811386 0.12211187928915024 2.624345302581787
0.08677023649215698 0.4100513458251953 2.42163348197937
-0.2205643206834793 0.3224204182624817 2.4861810207366943
-0.025041811168193817 0.5527816414833069 2.4918909072875977
-0.14481951296329498 0.5006660223007202 2.5228476524353027
-0.0829882100224495 0.5569246411323547 2.5825421810150146
-0.13185180723667145 0.568408191204071 2.5871872901916504
32
0.15882658958435059 -0.9075267314910889 2.0555431842803955
-0.028805233538150787 -0.9667719006538391 2.2931814193725586
0.09046164155006409 -0.4979008436203003 2.243947744369507
-0.0984206572175026 -0.5584313273429871 2.405949115753174
0.08746298402547836 -0.167479008436203 2.4792251586914062
-0.05024130269885063 -0.2051057070493698 2.529623508453369
0.10575932264328003 0.3164668381214142 2.5536975860595703
-0.1643730252981186 0.27686503529548645 2.6279728412628174
0.0954166129231453 0.4996929466724396 2.4559662342071533
-0.21201308071613312 0.43522584438323975 2.4974656105041504
-0.0016072069993242621 0.6619622707366943 2.50510573387146
-0.12604893743991852 0.5941591858863831 2.568946599960327
-0.04520120099186897 0.6558108329772949 2.572594165802002
-0.08458802103996277 0.6518028378486633 2.6279754638671875
33
0.15882658958435059 -0.9075267314910889 2.0555431842803955
-0.028805233538150787 -0.9667719006538391 2.2931814193725586
0.09046164155006409 -0.4979008436203003 2.243947744369507
-0.0984206572175026 -0.5584313273429871 2.405949115753174
0.08746298402547836 -0.167479008436203 2.4792251586914062
-0.05024130269885063 -0.2051057070493698 2.529623508453369
0.10575932264328003 0.3164668381214142 2.5536975860595703
-0.1643730252981186 0.27686503529548645 2.6279728412628174
0.0954166129231453 0.4996929466724396 2.4559662342071533
-0.21201308071613312 0.43522584438323975 2.4974656105041504
-0.0016072069993242621 0.6619622707366943 2.50510573387146
-0.12604893743991852 0.5941591858863831 2.568946599960327
-0.04520120099186897 0.6558108329772949 2.572594165802002
-0.08458802103996277 0.6518028378486633 2.6279754638671875
34
0.17839369177818298 -1.0261845588684082 2.0902767181396484
-0.009972043335437775 -1.0568656921386719 2.379422426223755
0.1268957257270813 -0.5223947167396545 2.262862205505371
-0.059990402311086655 -0.5865091681480408 2.4335145950317383
0.07988359779119492 -0.0816866084933281 2.4671335220336914
-0.0567655935883522 -0.11683930456638336 2.5137925148010254
0.09929941594600677 0.4194028377532959 2.5787909030914307
-0.15474683046340942 0.34091687202453613 2.639549493789673
0.08926418423652649 0.6288757920265198 2.4639639854431152
-0.19864127039909363 0.5130113363265991 2.530224561691284
-0.013914981856942177 0.7862170338630676 2.5143356323242188
-0.12371382117271423 0.6942268013954163 2.5590524673461914
-0.07092060148715973 0.8445524573326111 2.5641067028045654
-0.05629434064030647 0.730964183807373 2.6474714279174805
35
0.1615608185529709 -0.9826838374137878 2.0419299602508545
-0.02955755591392517 -1.0623626708984375 2.347963333129883
0.13707512617111206 -0.45661547780036926 2.2805216312408447
-0.03973601385951042 -0.5144875049591064 2.438748598098755
0.08559559285640717 -0.008367249742150307 2.4650728702545166
-0.04305502772331238 -0.04240485280752182 2.5007786750793457
0.1000891923904419 0.4998847246170044 2.5902211666107178
-0.14611078798770905 0.4652606248855591 2.6489436626434326
0.09921850264072418 0.6906896233558655 2.4813296794891357
-0.1943688988685608 0.624744176864624 2.5221033096313477
0.004383036866784096 0.8547553420066833 2.5263991355895996
-0.10865933448076248 0.8074300289154053 2.586141586303711
-0.049915485084056854 0.915174126625061 2.574464797973633
-0.06172307953238487 0.8383567929267883 2.685589551925659
36
0.1615608185529709 -0.9826838374137878 2.0419299602508545
-0.02955755591392517 -1.0623626708984375 2.347963333129883
0.13707512617111206 -0.45661547780036926 2.2805216312408447
-0.03973601385951042 -0.5144875049591064 2.438748598098755
0.08559559285640717 -0.008367249742150307 2.4650728702545166
-0.04305502772331238 -0.04240485280752182 2.5007786750793457
0.1000891923904419 0.4998847246170044 2.5902211666107178
-0.14611078798770905 0.4652606248855591 2.6489436626434326
0.09921850264072418 0.6906896233558655 2.4813296794891357
-0.1943688988685608 0.624744176864624 2.5221033096313477
0.004383036866784096 0.8547553420066833 2.5263991355895996
-0.10865933448076248 0.8074300289154053 2.586141586303711
-0.049915485084056854 0.915174126625061 2.574464797973633
-0.06172307953238487 0.8383567929267883 2.685589551925659
37
0.18041382730007172 -0.79758220911026 2.030860185623169
-0.03594370558857918 -1.0080146789550781 2.3125832080841064
0.14148558676242828 -0.3883221447467804 2.2820262908935547
-0.020367171615362167 -0.44785597920417786 2.4285778999328613
0.08698636293411255 0.06209734454751015 2.462153196334839
-0.0390610545873642 0.023257000371813774 2.5169789791107178
0.10351600497961044 0.5657212138175964 2.580167531967163
-0.1407448649406433 0.5445293188095093 2.6388728618621826
0.09778310358524323 0.7619526982307434 2.4810526371002197
-0.19972382485866547 0.6976706981658936 2.508995294570923
0.00276353326626122 0.9271072745323181 2.5215296745300293
-0.09336604923009872 0.9122281670570374 2.6093223094940186
-0.051593322306871414 0.9877297282218933 2.568134307861328
-0.07744601368904114 0.9455595016479492 2.7272512912750244
38
0.18041382730007172 -0.79758220911026 2.030860185623169
-0.03594370558857918 -1.0080146789550781 2.3125832080841064
0.14148558676242828 -0.3883221447467804 2.2820262908935547
-0.020367171615362167 -0.44785597920417786 2.4285778999328613
0.08698636293411255 0.06209734454751015 2.462153196334839
-0.0390610545873642 0.023257000371813774 2.5169789791107178
0.10351600497961044 0.5657212138175964 2.580167531967163
-0.1407448649406433 0.5445293188095093 2.6388728618621826
0.09778310358524323 0.7619526982307434 2.4810526371002197
-0.19972382485866547 0.6976706981658936 2.508995294570923
0.00276353326626122 0.9271072745323181 2.5215296745300293
-0.09336604923009872 0.9122281670570374 2.6093223094940186
-0.051593322306871414 0.9877297282218933 2.568134307861328
-0.07744601368904114 0.9455595016479492 2.7272512912750244
39
0.1950734257698059 -0.7361341118812561 2.0665547847747803
-0.038245536386966705 -0.9432764649391174 2.267746686935425
0.13741238415241241 -0.3226812779903412 2.294203519821167
-0.012407274916768074 -0.372917115688324 2.416781187057495
0.08719854056835175 0.1292317807674408 2.4742889404296875
-0.033840011805295944 0.0994887426495552 2.504603624343872
0.0864710807800293 0.6423922181129456 2.5935089588165283
-0.1590718924999237 0.6068667769432068 2.622941017150879
0.09381282329559326 0.8366988897323608 2.470961570739746
-0.1690005362033844 0.7953549027442932 2.5356271266937256
-0.019061410799622536 0.9878675937652588 2.5797879695892334
-0.09317062050104141 0.9616126418113708 2.5982658863067627
-0.07555676251649857 1.0092358589172363 2.662114381790161
-0.05946690961718559 0.9884076118469238 2.6968374252319336
40
0.16761238873004913 -0.6691038608551025 2.085354804992676
-0.005413934588432312 -0.8841703534126282 2.2156317234039307
0.1326247751712799 -0.24940092861652374 2.2924304008483887
-0.008854331448674202 -0.31641116738319397 2.4019718170166016
0.07010646164417267 0.20402973890304565 2.466341495513916
-0.037570029497146606 0.15423165261745453 2.5090644359588623
0.06764600425958633 0.7387610673904419 2.5930190086364746
-0.13486191630363464 0.6543669700622559 2.6374106407165527
0.08961251378059387 0.8943234086036682 2.455206871032715
-0.1774558126926422 0.8135212063789368 2.5096607208251953
-0.007776300888508558 1.0539426803588867 2.5055718421936035
-0.09220196306705475 0.9654762148857117 2.5906500816345215
-0.04176950454711914 1.08881413936615 2.5859293937683105
-0.05586834251880646 0.9928103685379028 2.6711487770080566
41
0.16761238873004913 -0.6691038608551025 2.085354804992676
-0.005413934588432312 -0.8841703534126282 2.2156317234039307
0.1326247751712799 -0.24940092861652374 2.2924304008483887
-0.008854331448674202 -0.31641116738319397 2.4019718170166016
0.07010646164417267 0.20402973890304565 2.466341495513916
-0.037570029497146606 0.15423165261745453 2.5090644359588623
0.06764600425958633 0.7387610673904419 2.5930190086364746
-0.13486191630363464 0.6543669700622559 2.6374106407165527
0.08961251378059387 0.8943234086036682 2.455206871032715
-0.1774558126926422 0.8135212063789368 2.5096607208251953
-0.007776300888508558 1.0539426803588867 2.5055718421936035
-0.09220196306705475 0.9654762148857117 2.5906500816345215
-0.04176950454711914 1.08881413936615 2.5859293937683105
-0.05586834251880646 0.9928103685379028 2.6711487770080566
42
0.17138671875 -0.8203125 2.076171875
-0.00980377197265625 -0.8466796875 2.166015625
0.13198497891426086 -0.24348998069763184 2.293621063232422
0.01016483549028635 -0.30354830622673035 2.3733408451080322
0.07550033926963806 0.21074116230010986 2.467822790145874
-0.026695456355810165 0.1629890650510788 2.502767562866211
0.07203640043735504 0.7388525605201721 2.5905537605285645
-0.15803396701812744 0.6102005839347839 2.6561672687530518
0.07971514016389847 0.9356545209884644 2.4607367515563965
-0.16392220556735992 0.8418392539024353 2.500610589981079
0.004785689990967512 1.1255881786346436 2.4483020305633545
-0.08889350295066833 1.0088969469070435 2.5616636276245117
-0.05510510504245758 1.208549976348877 2.4736034870147705
-0.05345732346177101 1.0373512506484985 2.642057418823242
43
0.17138671875 -0.8203125 2.076171875
-0.00980377197265625 -0.8466796875 2.166015625
0.13198497891426086 -0.24348998069763184 2.293621063232422
0.01016483549028635 -0.30354830622673035 2.3733408451080322
0.07550033926963806 0.21074116230010986 2.467822790145874
-0.026695456355810165 0.1629890650510788 2.502767562866211
0.07203640043735504 0.7388525605201721 2.5905537605285645
-0.15803396701812744 0.6102005839347839 2.6561672687530518
0.07971514016389847 0.9356545209884644 2.4607367515563965
-0.16392220556735992 0.8418392539024353 2.500610589981079
0.004785689990967512 1.1255881786346436 2.4483020305633545
-0.08889350295066833 1.0088969469070435 2.5616636276245117
-0.05510510504245758 1.208549976348877 2.4736034870147705
-0.05345732346177101 1.0373512506484985 2.642057418823242
44
0.162353515625 -0.7861328125 2.0390625
0.018674451857805252 -0.604935884475708 2.1068427562713623
0.12689970433712006 -0.24901407957077026 2.289240598678589
0.03963945433497429 -0.2882457673549652 2.3325037956237793
0.07762322574853897 0.20625871419906616 2.4627130031585693
-0.025864657014608383 0.1670779287815094 2.4967148303985596
0.08387047052383423 0.7557580471038818 2.580273151397705
-0.1598554104566574 0.6378392577171326 2.6431665420532227
0.05377296730875969 1.0018991231918335 2.4594249725341797
-0.16188566386699677 0.867872953414917 2.4851183891296387
0.0014775347663089633 1.21926748752594 2.3912229537963867
-0.0885060727596283 1.0413663387298584 2.5386545658111572
-0.010333728045225143 1.3003389835357666 2.3489975929260254
-0.07440540194511414 1.0647706985473633 2.589686393737793
45
0.162353515625 -0.7861328125 2.0390625
0.018674451857805252 -0.604935884475708 2.1068427562713623
0.12689970433712006 -0.24901407957077026 2.289240598678589
0.03963945433497429 -0.2882457673549652 2.3325037956237793
0.07762322574853897 0.20625871419906616 2.4627130031585693
-0.025864657014608383 0.1670779287815094 2.4967148303985596
0.08387047052383423 0.7557580471038818 2.580273151397705
-0.1598554104566574 0.6378392577171326 2.6431665420532227
0.05377296730875969 1.0018991231918335 2.4594249725341797
-0.16188566386699677 0.867872953414917 2.4851183891296387
0.0014775347663089633 1.21926748752594 2.3912229537963867
-0.0885060727596283 1.0413663387298584 2.5386545658111572
-0.010333728045225143 1.3003389835357666 2.3489975929260254
-0.07440540194511414 1.0647706985473633 2.589686393737793
46
0.14766934514045715 -0.7633394598960876 2.009255886077881
0.04345518723130226 -0.5841103792190552 2.0527424812316895
0.12904855608940125 -0.24651111662387848 2.2776708602905273
0.053403303027153015 -0.2807818651199341 2.3150219917297363
0.10385304689407349 0.21358554065227509 2.4421193599700928
0.0021930504590272903 0.18055769801139832 2.464251756668091
0.08613210171461105 0.760963499546051 2.573166608810425
-0.16121134161949158 0.6346999406814575 2.6465365886688232
0.05203748121857643 1.0021629333496094 2.4422247409820557
-0.17424309253692627 0.8178403973579407 2.4807660579681396
0.026139987632632256 1.1849716901779175 2.354170083999634
-0.08525783568620682 1.0534909963607788 2.5365967750549316
0.025673190131783485 1.2318015098571777 2.2698864936828613
-0.11171628534793854 1.1248267889022827 2.579850435256958
47
0.14766934514045715 -0.7633394598960876 2.009255886077881
0.04345518723130226 -0.5841103792190552 2.0527424812316895
0.12904855608940125 -0.24651111662387848 2.2776708602905273
0.053403303027153015 -0.2807818651199341 2.3150219917297363
0.10385304689407349 0.21358554065227509 2.4421193599700928
0.0021930504590272903 0.18055769801139832 2.464251756668091
0.08613210171461105 0.760963499546051 2.573166608810425
-0.16121134161949158 0.6346999406814575 2.6465365886688232
0.05203748121857643 1.0021629333496094 2.4422247409820557
-0.17424309253692627 0.8178403973579407 2.4807660579681396
0.026139987632632256 1.1849716901779175 2.354170083999634
-0.08525783568620682 1.0534909963607788 2.5365967750549316
0.025673190131783485 1.2318015098571777 2.2698864936828613
-0.11171628534793854 1.1248267889022827 2.579850435256958
48
0.13511082530021667 -0.7541840076446533 1.9817386865615845
0.028038397431373596 -0.5800331234931946 2.0289483070373535
0.12519165873527527 -0.2478945255279541 2.2611467838287354
0.07192490249872208 -0.27339616417884827 2.291888952255249
0.10723432898521423 0.21117542684078217 2.430680274963379
0.003266251878812909 0.1800086349248886 2.462338447570801
0.08586596697568893 0.7620779275894165 2.560356378555298
-0.1586095541715622 0.6271095275878906 2.6423254013061523
0.07295703142881393 0.9611995816230774 2.394080638885498
-0.17211705446243286 0.7896910309791565 2.4838132858276367
0.030193014070391655 1.1713886260986328 2.3237721920013428
-0.11341042071580887 1.0092973709106445 2.4917027950286865
0.019033171236515045 1.2324094772338867 2.2490813732147217
-0.11419505625963211 1.1356511116027832 2.5568113327026367
49
0.13511082530021667 -0.7541840076446533 1.9817386865615845
0.028038397431373596 -0.5800331234931946 2.0289483070373535
0.12519165873527527 -0.2478945255279541 2.2611467838287354
0.07192490249872208 -0.27339616417884827 2.291888952255249
0.10723432898521423 0.21117542684078217 2.430680274963379
0.003266251878812909 0.1800086349248886 2.462338447570801
0.08586596697568893 0.7620779275894165 2.560356378555298
-0.1586095541715622 0.6271095275878906 2.6423254013061523
0.07295703142881393 0.9611995816230774 2.394080638885498
-0.17211705446243286 0.7896910309791565 2.4838132858276367
0.030193014070391655 1.1713886260986328 2.3237721920013428
-0.11341042071580887 1.0092973709106445 2.4917027950286865
0.019033171236515045 1.2324094772338867 2.2490813732147217
-0.11419505625963211 1.1356511116027832 2.5568113327026367
50
0.13394176959991455 -0.7496270537376404 1.957550048828125
0.0348825566470623 -0.5725044012069702 2.0026159286499023
0.1296536773443222 -0.2418060600757599 2.2379190921783447
0.07380951941013336 -0.2738337516784668 2.2833871841430664
0.10638798028230667 0.21041478216648102 2.4283413887023926
0.002465600613504648 0.1770169734954834 2.4607584476470947
0.0863998532295227 0.7619726657867432 2.5576350688934326
-0.15866339206695557 0.619762659072876 2.639291763305664
0.0889354795217514 0.9306191205978394 2.359454393386841
-0.17577163875102997 0.8059264421463013 2.4483957290649414
0.0212178323417902 1.1508479118347168 2.272110939025879
-0.0858679711818695 1.044347882270813 2.51291823387146
0.0006808487232774496 1.2268396615982056 2.2174010276794434
-0.12056929618120193 1.1372472047805786 2.54479718208313
51
0.13394176959991455 -0.7496270537376404 1.957550048828125
0.0348825566470623 -0.5725044012069702 2.0026159286499023
0.1296536773443222 -0.2418060600757599 2.2379190921783447
0.07380951941013336 -0.2738337516784668 2.2833871841430664
0.10638798028230667 0.21041478216648102 2.4283413887023926
0.002465600613504648 0.1770169734954834 2.4607584476470947
0.0863998532295227 0.7619726657867432 2.5576350688934326
-0.15866339206695557 0.619762659072876 2.639291763305664
0.0889354795217514 0.9306191205978394 2.359454393386841
-0.17577163875102997 0.8059264421463013 2.4483957290649414
0.0212178323417902 1.1508479118347168 2.272110939025879
-0.0858679711818695 1.044347882270813 2.51291823387146
0.0006808487232774496 1.2268396615982056 2.2174010276794434
-0.12056929618120193 1.1372472047805786 2.54479718208313
52
0.13745935261249542 -0.7564183473587036 1.9275628328323364
0.03621309995651245 -0.5892238020896912 1.991117238998413
0.1346064656972885 -0.26176998019218445 2.220123767852783
0.08043184131383896 -0.29031363129615784 2.2685904502868652
0.11658376455307007 0.1900802105665207 2.4116833209991455
0.009324878454208374 0.1597217470407486 2.4479384422302246
0.08599811792373657 0.7504250407218933 2.5351016521453857
-0.15889407694339752 0.6179370284080505 2.6392910480499268
0.1028716191649437 0.897874116897583 2.3289096355438232
-0.17974598705768585 0.7975579500198364 2.426117420196533
0.013296936638653278 1.139801263809204 2.2470359802246094
-0.11543244123458862 1.006895661354065 2.4750280380249023
-0.03140793740749359 1.2023214101791382 2.1775882244110107
-0.1161743775010109 1.1042646169662476 2.5248425006866455
53
0.1956692785024643 -0.6537570357322693 1.9462954998016357
0.03931466490030289 -0.7991552948951721 1.9554177522659302
0.1525445431470871 -0.2982797622680664 2.1795973777770996
0.06518889963626862 -0.3382343053817749 2.2383322715759277
0.13037268817424774 0.14784637093544006 2.385063886642456
0.016776975244283676 0.1127287894487381 2.42242693901062
0.13260357081890106 0.7082036733627319 2.4783527851104736
-0.1132514551281929 0.5725757479667664 2.591761350631714
0.11453820019960403 0.8498635292053223 2.300680637359619
-0.18624861538410187 0.683225154876709 2.425675392150879
0.021563131362199783 1.0584584474563599 2.23529052734375
-0.14187629520893097 0.8909486532211304 2.396242618560791
-0.02830454893410206 1.152644157409668 2.1759300231933594
-0.126529723405838 1.0412037372589111 2.459571599960327
54
0.1956692785024643 -0.6537570357322693 1.9462954998016357
0.03931466490030289 -0.7991552948951721 1.9554177522659302
0.1525445431470871 -0.2982797622680664 2.1795973777770996
0.06518889963626862 -0.3382343053817749 2.2383322715759277
0.13037268817424774 0.14784637093544006 2.385063886642456
0.016776975244283676 0.1127287894487381 2.42242693901062
0.13260357081890106 0.7082036733627319 2.4783527851104736
-0.1132514551281929 0.5725757479667664 2.591761350631714
0.11453820019960403 0.8498635292053223 2.300680637359619
-0.18624861538410187 0.683225154876709 2.425675392150879
0.021563131362199783 1.0584584474563599 2.23529052734375
-0.14187629520893097 0.8909486532211304 2.396242618560791
-0.02830454893410206 1.152644157409668 2.1759300231933594
-0.126529723405838 1.0412037372589111 2.459571599960327
55
0.16419808566570282 -0.8058916330337524 1.8536474704742432
0.034454345703125 -0.85107421875 1.9365234375
0.1603921502828598 -0.3457868695259094 2.1495273113250732
0.06106606498360634 -0.3870842456817627 2.222050905227661
0.13461939990520477 0.09719384461641312 2.3606913089752197
0.00015334394993260503 0.061792295426130295 2.405494213104248
0.1241350769996643 0.5861622095108032 2.4744632244110107
-0.1202862560749054 0.5325536727905273 2.5275087356567383
0.13366366922855377 0.7702400088310242 2.2834417819976807
-0.1872646063566208 0.6803947687149048 2.3948659896850586
0.02708529494702816 0.9801886677742004 2.229719400405884
-0.138807475566864 0.8721728324890137 2.3840816020965576
-0.03093022108078003 1.072445273399353 2.177640438079834
-0.11691835522651672 0.9973738789558411 2.4679946899414062
56
0.16419808566570282 -0.8058916330337524 1.8536474704742432
0.034454345703125 -0.85107421875 1.9365234375
0.1603921502828598 -0.3457868695259094 2.1495273113250732
0.06106606498360634 -0.3870842456817627 2.222050905227661
0.13461939990520477 0.09719384461641312 2.3606913089752197
0.00015334394993260503 0.061792295426130295 2.405494213104248
0.1241350769996643 0.5861622095108032 2.4744632244110107
-0.1202862560749054 0.5325536727905273 2.5275087356567383
0.13366366922855377 0.7702400088310242 2.2834417819976807
-0.1872646063566208 0.6803947687149048 2.3948659896850586
0.02708529494702816 0.9801886677742004 2.229719400405884
-0.138807475566864 0.8721728324890137 2.3840816020965576
-0.03093022108078003 1.072445273399353 2.177640438079834
-0.11691835522651672 0.9973738789558411 2.4679946899414062
57
0.21630859375 -0.83154296875 1.7734375
0.037750244140625 -0.91650390625 1.92578125
0.1827183961868286 -0.37101009488105774 2.1165361404418945
0.061562053859233856 -0.4290951192378998 2.2050886154174805
0.15050646662712097 0.057370465248823166 2.358574628829956
0.015214015729725361 0.02307118847966194 2.3818681240081787
0.13409358263015747 0.508406937122345 2.4611291885375977
-0.1190839409828186 0.48174920678138733 2.5120849609375
0.15342454612255096 0.6772013306617737 2.2642834186553955
-0.18336275219917297 0.6484023928642273 2.33672833442688
0.0389164574444294 0.8836687803268433 2.2222468852996826
-0.11920767277479172 0.8369379043579102 2.388063907623291
-0.04033634811639786 0.9835407733917236 2.1890172958374023
-0.10818163305521011 0.9274457097053528 2.459616184234619
58
0.21630859375 -0.83154296875 1.7734375
0.037750244140625 -0.91650390625 1.92578125
0.1827183961868286 -0.37101009488105774 2.1165361404418945
0.061562053859233856 -0.4290951192378998 2.2050886154174805
0.15050646662712097 0.057370465248823166 2.358574628829956
0.015214015729725361 0.02307118847966194 2.3818681240081787
0.13409358263015747 0.508406937122345 2.4611291885375977
-0.1190839409828186 0.48174920678138733 2.5120849609375
0.15342454612255096 0.6772013306617737 2.2642834186553955
-0.18336275219917297 0.6484023928642273 2.33672833442688
0.0389164574444294 0.8836687803268433 2.2222468852996826
-0.11920767277479172 0.8369379043579102 2.388063907623291
-0.04033634811639786 0.9835407733917236 2.1890172958374023
-0.10818163305521011 0.9274457097053528 2.459616184234619
59
0.24028687179088593 -0.8918302655220032 1.732236385345459
0.08234229683876038 -0.844111442565918 1.8876224756240845
0.2009771764278412 -0.46832019090652466 2.0538928508758545
0.061431195586919785 -0.5542876124382019 2.161231756210327
0.14761126041412354 -0.05663082003593445 2.3206658363342285
-0.005843614228069782 -0.11217103898525238 2.354261636734009
0.1325102597475052 0.43562278151512146 2.441885471343994
-0.11845389008522034 0.3967227339744568 2.500676393508911
0.1770692765712738 0.5851848125457764 2.2216176986694336
-0.21796497702598572 0.5047100186347961 2.3472912311553955
0.06125770881772041 0.7590280771255493 2.2089788913726807
-0.1448948085308075 0.7058061361312866 2.377199172973633
-0.03312511742115021 0.8557908535003662 2.194169044494629
-0.10620010644197464 0.8385899662971497 2.4250810146331787
60
0.24028687179088593 -0.8918302655220032 1.732236385345459
0.08234229683876038 -0.844111442565918 1.8876224756240845
0.2009771764278412 -0.46832019090652466 2.0538928508758545
0.061431195586919785 -0.5542876124382019 2.161231756210327
0.14761126041412354 -0.05663082003593445 2.3206658363342285
-0.005843614228069782 -0.11217103898525238 2.354261636734009
0.1325102597475052 0.43562278151512146 2.441885471343994
-0.11845389008522034 0.3967227339744568 2.500676393508911
0.1770692765712738 0.5851848125457764 2.2216176986694336
-0.21796497702598572 0.5047100186347961 2.3472912311553955
0.06125770881772041 0.7590280771255493 2.2089788913726807
-0.1448948085308075 0.7058061361312866 2.377199172973633
-0.03312511742115021 0.8557908535003662 2.194169044494629
-0.10620010644197464 0.8385899662971497 2.4250810146331787
61
0.2738402485847473 -0.9478359818458557 1.7049000263214111
0.11377063393592834 -1.0258257389068604 1.9488462209701538
0.21075613796710968 -0.5106688737869263 2.020127296447754
0.04588588699698448 -0.5976521372795105 2.162763833999634
0.1477884203195572 -0.11712754517793655 2.3129661083221436
-0.00815002154558897 -0.1497894525527954 2.341750383377075
0.1274159848690033 0.3847463130950928 2.428398847579956
-0.11154719442129135 0.34336620569229126 2.485222101211548
0.21858711540699005 0.4480973780155182 2.2025041580200195
-0.24680495262145996 0.373424768447876 2.322312593460083
0.077999547123909 0.6262179017066956 2.1820125579833984
-0.15788118541240692 0.5703458189964294 2.324800491333008
-0.012791658751666546 0.7008931040763855 2.2202117443084717
-0.12670867145061493 0.7173210382461548 2.382305383682251
62
0.2738402485847473 -0.9478359818458557 1.7049000263214111
0.11377063393592834 -1.0258257389068604 1.9488462209701538
0.21075613796710968 -0.5106688737869263 2.020127296447754
0.04588588699698448 -0.5976521372795105 2.162763833999634
0.1477884203195572 -0.11712754517793655 2.3129661083221436
-0.00815002154558897 -0.1497894525527954 2.341750383377075
0.1274159848690033 0.3847463130950928 2.428398847579956
-0.11154719442129135 0.34336620569229126 2.485222101211548
0.21858711540699005 0.4480973780155182 2.2025041580200195
-0.24680495262145996 0.373424768447876 2.322312593460083
0.077999547123909 0.6262179017066956 2.1820125579833984
-0.15788118541240692 0.5703458189964294 2.324800491333008
-0.012791658751666546 0.7008931040763855 2.2202117443084717
-0.12670867145061493 0.7173210382461548 2.382305383682251
63
0.29045796394348145 -0.9239081740379333 1.6630083322525024
0.11573287844657898 -0.9662544131278992 1.8695106506347656
0.20823928713798523 -0.5757033824920654 1.9765628576278687
0.05055201053619385 -0.6578176021575928 2.142333984375
0.16036304831504822 -0.20721866190433502 2.2721798419952393
0.002234295941889286 -0.256019651889801 2.307835817337036
0.13445939123630524 0.27666643261909485 2.405273675918579
-0.09529007226228714 0.21218588948249817 2.4757933616638184
0.26694896817207336 0.2892981767654419 2.1852567195892334
-0.2477240264415741 0.21088732779026031 2.3265767097473145
0.10587653517723083 0.4477064907550812 2.1355576515197754
-0.17975878715515137 0.44760802388191223 2.2918319702148438
0.024566642940044403 0.5254658460617065 2.1743359565734863
-0.12426985800266266 0.592495322227478 2.316948413848877
64
0.29045796394348145 -0.9239081740379333 1.6630083322525024
0.11573287844657898 -0.9662544131278992 1.8695106506347656
0.20823928713798523 -0.5757033824920654 1.9765628576278687
0.05055201053619385 -0.6578176021575928 2.142333984375
0.16036304831504822 -0.20721866190433502 2.2721798419952393
0.002234295941889286 -0.256019651889801 2.307835817337036
0.13445939123630524 0.27666643261909485 2.405273675918579
-0.09529007226228714 0.21218588948249817 2.4757933616638184
0.26694896817207336 0.2892981767654419 2.1852567195892334
-0.2477240264415741 0.21088732779026031 2.3265767097473145
0.10587653517723083 0.4477064907550812 2.1355576515197754
-0.17975878715515137 0.44760802388191223 2.2918319702148438
0.024566642940044403 0.5254658460617065 2.1743359565734863
-0.12426985800266266 0.592495322227478 2.316948413848877
65
0.3417457938194275 -0.976144015789032 1.7193772792816162
0.1433819979429245 -1.0219444036483765 1.9592822790145874
0.1914217621088028 -0.6360707879066467 1.939740538597107
0.0009858479024842381 -0.6643473505973816 2.1159212589263916
0.14180630445480347 -0.29686838388442993 2.246537923812866
-0.007413027808070183 -0.34010013937950134 2.291579484939575
0.12487661838531494 0.16587714850902557 2.384031057357788
-0.11476588994264603 0.11882452666759491 2.4876348972320557
0.31629422307014465 0.13065749406814575 2.1757428646087646
-0.24118012189865112 0.0741901770234108 2.314535140991211
0.11480899900197983 0.2749843895435333 2.0485825538635254
-0.21734367311000824 0.2653542757034302 2.2393434047698975
0.06614214926958084 0.28334638476371765 2.0098845958709717
-0.1863400936126709 0.43072521686553955 2.2331466674804688
66
0.3417457938194275 -0.976144015789032 1.7193772792816162
0.1433819979429245 -1.0219444036483765 1.9592822790145874
0.1914217621088028 -0.6360707879066467 1.939740538597107
0.0009858479024842381 -0.6643473505973816 2.1159212589263916
0.14180630445480347 -0.29686838388442993 2.246537923812866
-0.007413027808070183 -0.34010013937950134 2.291579484939575
0.12487661838531494 0.16587714850902557 2.384031057357788
-0.11476588994264603 0.11882452666759491 2.4876348972320557
0.31629422307014465 0.13065749406814575 2.1757428646087646
-0.24118012189865112 0.0741901770234108 2.314535140991211
0.11480899900197983 0.2749843895435333 2.0485825538635254
-0.21734367311000824 0.2653542757034302 2.2393434047698975
0.06614214926958084 0.28334638476371765 2.0098845958709717
-0.1863400936126709 0.43072521686553955 2.2331466674804688
67
0.3427833318710327 -0.9782724976539612 1.717999815940857
0.0849602222442627 -0.9572262763977051 1.8594858646392822
0.1843717098236084 -0.6355023980140686 1.9412305355072021
-0.05099310725927353 -0.6749951243400574 2.088437795639038
0.13586623966693878 -0.32661834359169006 2.2616732120513916
-0.010513211600482464 -0.3832279443740845 2.3373031616210938
0.13143938779830933 0.15910351276397705 2.3814709186553955
-0.11999788880348206 0.0585317462682724 2.5013504028320312
0.32346856594085693 0.12602537870407104 2.179830551147461
-0.2447766661643982 -0.08578968793153763 2.3145227432250977
0.2300781011581421 -0.018231699243187904 2.0609607696533203
-0.26640352606773376 0.06530306488275528 2.171520471572876
0.22295251488685608 -0.007602290716022253 2.011944055557251
-0.2690187990665436 0.18679961562156677 2.0702857971191406
68
0.3427833318710327 -0.9782724976539612 1.717999815940857
0.0849602222442627 -0.9572262763977051 1.8594858646392822
0.1843717098236084 -0.6355023980140686 1.9412305355072021
-0.05099310725927353 -0.6749951243400574 2.088437795639038
0.13586623966693878 -0.32661834359169006 2.2616732120513916
-0.010513211600482464 -0.3832279443740845 2.3373031616210938
0.13143938779830933 0.15910351276397705 2.3814709186553955
-0.11999788880348206 0.0585317462682724 2.5013504028320312
0.32346856594085693 0.12602537870407104 2.179830551147461
-0.2447766661643982 -0.08578968793153763 2.3145227432250977
0.2300781011581421 -0.018231699243187904 2.0609607696533203
-0.26640352606773376 0.06530306488275528 2.171520471572876
0.22295251488685608 -0.007602290716022253 2.011944055557251
-0.2690187990665436 0.18679961562156677 2.0702857971191406
69
0.2979813814163208 -0.9281471967697144 1.6601994037628174
0.0926046222448349 -0.963528037071228 1.8486396074295044
0.18242597579956055 -0.5650239586830139 1.9322669506072998
-0.05318739637732506 -0.6812331080436707 2.0421645641326904
0.13162866234779358 -0.36596155166625977 2.2492926120758057
-0.016286637634038925 -0.40283623337745667 2.282078266143799
0.16713057458400726 0.12181656062602997 2.3820793628692627
-0.12374088168144226 0.0329570546746254 2.4985716342926025
0.3054361343383789 -0.08860267698764801 2.2565464973449707
-0.16626133024692535 -0.15659064054489136 2.414198875427246
0.32052913308143616 -0.251791387796402 2.075101852416992
-0.2672933340072632 -0.21481695771217346 2.2396621704101562
0.325103223323822 -0.29523372650146484 1.9802592992782593
-0.31430232524871826 -0.14843934774398804 2.004573345184326
70
0.2979813814163208 -0.9281471967697144 1.6601994037628174
0.0926046222448349 -0.963528037071228 1.8486396074295044
0.18242597579956055 -0.5650239586830139 1.9322669506072998
-0.05318739637732506 -0.6812331080436707 2.0421645641326904
0.13162866234779358 -0.36596155166625977 2.2492926120758057
-0.016286637634038925 -0.40283623337745667 2.282078266143799
0.16713057458400726 0.12181656062602997 2.3820793628692627
-0.12374088168144226 0.0329570546746254 2.4985716342926025
0.3054361343383789 -0.08860267698764801 2.2565464973449707
-0.16626133024692535 -0.15659064054489136 2.414198875427246
0.32052913308143616 -0.251791387796402 2.075101852416992
-0.2672933340072632 -0.21481695771217346 2.2396621704101562
0.325103223323822 -0.29523372650146484 1.9802592992782593
-0.31430232524871826 -0.14843934774398804 2.004573345184326
71
0.3439981937408447 -0.9825717210769653 1.7251386642456055
0.09966318309307098 -0.9678919315338135 1.8448419570922852
0.17391104996204376 -0.605060338973999 1.9488047361373901
-0.04599878937005997 -0.6745240092277527 2.084528923034668
0.1535554975271225 -0.38126516342163086 2.3135735988616943
-0.0029929273296147585 -0.4338756799697876 2.372344493865967
0.1629551202058792 0.11565947532653809 2.3860666751861572
-0.1287543773651123 0.019772382453083992 2.494837760925293
0.2906259298324585 -0.12420271337032318 2.331408739089966
-0.14808844029903412 -0.1807706654071808 2.457078695297241
0.3785688877105713 -0.3361217975616455 2.256606101989746
-0.22123906016349792 -0.33006149530410767 2.333388566970825
0.40323972702026367 -0.472741961479187 2.2266950607299805
-0.3011135160923004 -0.4189145565032959 2.1691486835479736
72
0.3439981937408447 -0.9825717210769653 1.7251386642456055
0.09966318309307098 -0.9678919315338135 1.8448419570922852
0.17391104996204376 -0.605060338973999 1.9488047361373901
-0.04599878937005997 -0.6745240092277527 2.084528923034668
0.1535554975271225 -0.38126516342163086 2.3135735988616943
-0.0029929273296147585 -0.4338756799697876 2.372344493865967
0.1629551202058792 0.11565947532653809 2.3860666751861572
-0.1287543773651123 0.019772382453083992 2.494837760925293
0.2906259298324585 -0.12420271337032318 2.331408739089966
-0.14808844029903412 -0.1807706654071808 2.457078695297241
0.3785688877105713 -0.3361217975616455 2.256606101989746
-0.22123906016349792 -0.33006149530410767 2.333388566970825
0.40323972702026367 -0.472741961479187 2.2266950607299805
-0.3011135160923004 -0.4189145565032959 2.1691486835479736
73
0.286376953125 -0.96875 1.8076171875
0.0809020921587944 -0.9939976930618286 1.9076430797576904
0.1688731461763382 -0.5126738548278809 1.9924529790878296
-0.026153363287448883 -0.6520006060600281 2.080902576446533
0.1437169909477234 -0.4141884744167328 2.367022752761841
-0.018517058342695236 -0.4417307674884796 2.3933634757995605
0.17082366347312927 0.0927710309624672 2.412273406982422
-0.12975730001926422 0.017698023468255997 2.494131088256836
0.30175453424453735 -0.1470494121313095 2.410780668258667
-0.1489589959383011 -0.23992064595222473 2.4824845790863037
0.38844752311706543 -0.37981536984443665 2.391356945037842
-0.18399643898010254 -0.4264475107192993 2.3973798751831055
0.4057444632053375 -0.48628827929496765 2.3968498706817627
-0.22189053893089294 -0.5528553128242493 2.320589065551758
74
0.286376953125 -0.96875 1.8076171875
0.0809020921587944 -0.9939976930618286 1.9076430797576904
0.1688731461763382 -0.5126738548278809 1.9924529790878296
-0.026153363287448883 -0.6520006060600281 2.080902576446533
0.1437169909477234 -0.4141884744167328 2.367022752761841
-0.018517058342695236 -0.4417307674884796 2.3933634757995605
0.17082366347312927 0.0927710309624672 2.412273406982422
-0.12975730001926422 0.017698023468255997 2.494131088256836
0.30175453424453735 -0.1470494121313095 2.410780668258667
-0.1489589959383011 -0.23992064595222473 2.4824845790863037
0.38844752311706543 -0.37981536984443665 2.391356945037842
-0.18399643898010254 -0.4264475107192993 2.3973798751831055
0.4057444632053375 -0.48628827929496765 2.3968498706817627
-0.22189053893089294 -0.5528553128242493 2.320589065551758
75
0.282958984375 -0.970703125 1.8974609375
0.15788191556930542 -1.0303477048873901 1.8886644840240479
0.158356711268425 -0.4907210171222687 2.022451877593994
-0.025265133008360863 -0.6421769261360168 2.0941085815429688
0.16864602267742157 -0.409209281206131 2.404742479324341
-0.0011752514401450753 -0.4462137818336487 2.426565408706665
0.17490188777446747 0.09153595566749573 2.4479682445526123
-0.13179317116737366 0.016344893723726273 2.5031630992889404
0.30940088629722595 -0.1339813768863678 2.5047123432159424
-0.12674438953399658 -0.250384658575058 2.5447793006896973
0.3873499929904938 -0.39145442843437195 2.5248770713806152
-0.13659200072288513 -0.49508437514305115 2.4773943424224854
0.38008666038513184 -0.48987382650375366 2.5449166297912598
-0.13320976495742798 -0.5642762184143066 2.39113450050354
76
0.282958984375 -0.970703125 1.8974609375
0.15788191556930542 -1.0303477048873901 1.8886644840240479
0.158356711268425 -0.4907210171222687 2.022451877593994
-0.025265133008360863 -0.6421769261360168 2.0941085815429688
0.16864602267742157 -0.409209281206131 2.404742479324341
-0.0011752514401450753 -0.4462137818336487 2.426565408706665
0.17490188777446747 0.09153595566749573 2.4479682445526123
-0.13179317116737366 0.016344893723726273 2.5031630992889404
0.30940088629722595 -0.1339813768863678 2.5047123432159424
-0.12674438953399658 -0.250384658575058 2.5447793006896973
0.3873499929904938 -0.39145442843437195 2.5248770713806152
-0.13659200072288513 -0.49508437514305115 2.4773943424224854
0.38008666038513184 -0.48987382650375366 2.5449166297912598
-0.13320976495742798 -0.5642762184143066 2.39113450050354
77
0.26814043521881104 -0.8965879678726196 1.9461387395858765
0.13189862668514252 -0.9729543328285217 1.8412164449691772
0.16015605628490448 -0.49890756607055664 2.04634165763855
-0.016913430765271187 -0.6357776522636414 2.115159273147583
0.1703181117773056 -0.401536762714386 2.416614294052124
0.0010242665885016322 -0.43841829895973206 2.436676502227783
0.18392151594161987 0.10232429206371307 2.501232862472534
-0.13030032813549042 0.03675617650151253 2.554086208343506
0.31019026041030884 -0.11625926196575165 2.5861637592315674
-0.1099376529455185 -0.2283012866973877 2.600170850753784
0.36854010820388794 -0.37395861744880676 2.6338961124420166
-0.11856776475906372 -0.4901704788208008 2.5370051860809326
0.3507937490940094 -0.46883857250213623 2.651074171066284
-0.13553652167320251 -0.5963297486305237 2.4319121837615967
78
0.26814043521881104 -0.8965879678726196 1.9461387395858765
0.13189862668514252 -0.9729543328285217 1.8412164449691772
0.16015605628490448 -0.49890756607055664 2.04634165763855
-0.016913430765271187 -0.6357776522636414 2.115159273147583
0.1703181117773056 -0.401536762714386 2.416614294052124
0.0010242665885016322 -0.43841829895973206 2.436676502227783
0.18392151594161987 0.10232429206371307 2.501232862472534
-0.13030032813549042 0.03675617650151253 2.554086208343506
0.31019026041030884 -0.11625926196575165 2.5861637592315674
-0.1099376529455185 -0.2283012866973877 2.600170850753784
0.36854010820388794 -0.37395861744880676 2.6338961124420166
-0.11856776475906372 -0.4901704788208008 2.5370051860809326
0.3507937490940094 -0.46883857250213623 2.651074171066284
-0.13553652167320251 -0.5963297486305237 2.4319121837615967
79
0.23949213325977325 -0.9079136848449707 2.040760040283203
0.12716245651245117 -0.9612979888916016 1.8545562028884888
0.16668350994586945 -0.5082599520683289 2.1021907329559326
-0.005750203039497137 -0.621087908744812 2.159341812133789
0.16680783033370972 -0.37618502974510193 2.4604299068450928
-0.001142529072239995 -0.40957775712013245 2.480712413787842
0.18238238990306854 0.11593937873840332 2.5470263957977295
-0.12182074785232544 0.05220889300107956 2.6068267822265625
0.29304853081703186 -0.09930889308452606 2.6538803577423096
-0.09550565481185913 -0.2123626321554184 2.6527554988861084
0.3564808666706085 -0.31238269805908203 2.7119152545928955
-0.033329710364341736 -0.26639100909233093 2.4133052825927734
0.3349532186985016 -0.4427412152290344 2.757086753845215
0.011255085468292236 -0.37694287300109863 2.296344041824341
80
0.23949213325977325 -0.9079136848449707 2.040760040283203
0.12716245651245117 -0.9612979888916016 1.8545562028884888
0.16668350994586945 -0.5082599520683289 2.1021907329559326
-0.005750203039497137 -0.621087908744812 2.159341812133789
0.16680783033370972 -0.37618502974510193 2.4604299068450928
-0.001142529072239995 -0.40957775712013245 2.480712413787842
0.18238238990306854 0.11593937873840332 2.5470263957977295
-0.12182074785232544 0.05220889300107956 2.6068267822265625
0.29304853081703186 -0.09930889308452606 2.6538803577423096
-0.09550565481185913 -0.2123626321554184 2.6527554988861084
0.3564808666706085 -0.31238269805908203 2.7119152545928955
-0.033329710364341736 -0.26639100909233093 2.4133052825927734
0.3349532186985016 -0.4427412152290344 2.757086753845215
0.011255085468292236 -0.37694287300109863 2.296344041824341
81
0.2804795205593109 -1.025596261024475 2.2719149589538574
0.11880116164684296 -0.9509936571121216 1.8649080991744995
0.1346084475517273 -0.5615093111991882 2.170975685119629
0.004058795049786568 -0.597930908203125 2.200629711151123
0.15835462510585785 -0.35809028148651123 2.4887166023254395
-0.008188641630113125 -0.38661807775497437 2.512744426727295
0.1801479160785675 0.13448715209960938 2.5969245433807373
-0.11952053755521774 0.0895312950015068 2.661498546600342
0.2807144522666931 -0.0816238597035408 2.7110493183135986
-0.09462496638298035 -0.16706430912017822 2.5503299236297607
0.32580485939979553 -0.3325147330760956 2.7909045219421387
-0.0313318595290184 -0.2828354835510254 2.3018128871917725
0.33288145065307617 -0.42056357860565186 2.834784746170044
0.08299190551042557 -0.4052198827266693 2.263800859451294
82
0.2804795205593109 -1.025596261024475 2.2719149589538574
0.11880116164684296 -0.9509936571121216 1.8649080991744995
0.1346084475517273 -0.5615093111991882 2.170975685119629
0.004058795049786568 -0.597930908203125 2.200629711151123
0.15835462510585785 -0.35809028148651123 2.4887166023254395
-0.008188641630113125 -0.38661807775497437 2.512744426727295
0.1801479160785675 0.13448715209960938 2.5969245433807373
-0.11952053755521774 0.0895312950015068 2.661498546600342
0.2807144522666931 -0.0816238597035408 2.7110493183135986
-0.09462496638298035 -0.16706430912017822 2.5503299236297607
0.32580485939979553 -0.3325147330760956 2.7909045219421387
-0.0313318595290184 -0.2828354835510254 2.3018128871917725
0.33288145065307617 -0.42056357860565186 2.834784746170044
0.08299190551042557 -0.4052198827266693 2.263800859451294
83
0.20677749812602997 -0.9307101368904114 2.307114362716675
0.09968000650405884 -0.9215633273124695 1.8916630744934082
0.14058300852775574 -0.615272045135498 2.241344690322876
0.0063577862456440926 -0.5678635239601135 2.242497205734253
0.15703970193862915 -0.35949400067329407 2.546661853790283
-0.009818249382078648 -0.3746788501739502 2.5676076412200928
0.1744605004787445 0.14552924036979675 2.647709369659424
-0.12027667462825775 0.10818668454885483 2.718128204345703
0.2775227427482605 -0.0754077136516571 2.7519705295562744
-0.08790095150470734 -0.15819047391414642 2.6430327892303467
0.3154660761356354 -0.3221152424812317 2.8369781970977783
-0.025191999971866608 -0.215804785490036 2.399684429168701
0.33090534806251526 -0.40333083271980286 2.8954739570617676
0.05530921742320061 -0.31296688318252563 2.427171468734741
84
0.20677749812602997 -0.9307101368904114 2.307114362716675
0.09968000650405884 -0.9215633273124695 1.8916630744934082
0.14058300852775574 -0.615272045135498 2.241344690322876
0.0063577862456440926 -0.5678635239601135 2.242497205734253
0.15703970193862915 -0.35949400067329407 2.546661853790283
-0.009818249382078648 -0.3746788501739502 2.5676076412200928
0.1744605004787445 0.14552924036979675 2.647709369659424
-0.12027667462825775 0.10818668454885483 2.718128204345703
0.2775227427482605 -0.0754077136516571 2.7519705295562744
-0.08790095150470734 -0.15819047391414642 2.6430327892303467
0.3154660761356354 -0.3221152424812317 2.8369781970977783
-0.025191999971866608 -0.215804785490036 2.399684429168701
0.33090534806251526 -0.40333083271980286 2.8954739570617676
0.05530921742320061 -0.31296688318252563 2.427171468734741
85
0.13232694566249847 -0.9996928572654724 2.215047597885132
0.06160515919327736 -0.9250376224517822 1.945509910583496
0.04743431508541107 -0.6811465620994568 2.263906240463257
-0.010812331922352314 -0.5619751811027527 2.293611764907837
0.17206154763698578 -0.34959861636161804 2.6112377643585205
0.010437795892357826 -0.3743608891963959 2.622054100036621
0.16927964985370636 0.14808852970600128 2.6985020637512207
-0.12433984130620956 0.11169406026601791 2.770859956741333
0.27363625168800354 -0.07799200713634491 2.792121410369873
-0.08528444916009903 -0.14383241534233093 2.7033562660217285
0.3101826310157776 -0.33518120646476746 2.8576877117156982
-0.023935219272971153 -0.16347193717956543 2.4286351203918457
0.3344365358352661 -0.4022819697856903 2.9261436462402344
0.05222294479608536 -0.2543070912361145 2.5122933387756348
86
0.13232694566249847 -0.9996928572654724 2.215047597885132
0.06160515919327736 -0.9250376224517822 1.945509910583496
0.04743431508541107 -0.6811465620994568 2.263906240463257
-0.010812331922352314 -0.5619751811027527 2.293611764907837
0.17206154763698578 -0.34959861636161804 2.6112377643585205
0.010437795892357826 -0.3743608891963959 2.622054100036621
0.16927964985370636 0.14808852970600128 2.6985020637512207
-0.12433984130620956 0.11169406026601791 2.770859956741333
0.27363625168800354 -0.07799200713634491 2.792121410369873
-0.08528444916009903 -0.14383241534233093 2.7033562660217285
0.3101826310157776 -0.33518120646476746 2.8576877117156982
-0.023935219272971153 -0.16347193717956543 2.4286351203918457
0.3344365358352661 -0.4022819697856903 2.9261436462402344
0.05222294479608536 -0.2543070912361145 2.5122933387756348
87
0.09045900404453278 -0.986344039440155 2.2992124557495117
0.05559180676937103 -0.9215275645256042 2.0396618843078613
-0.013426298275589943 -0.6668202877044678 2.3387160301208496
-0.024190273135900497 -0.5418716073036194 2.359241247177124
0.1716257482767105 -0.3665614128112793 2.6880762577056885
0.006598207633942366 -0.38159671425819397 2.7027688026428223
0.17245367169380188 0.14454209804534912 2.7492902278900146
-0.1252150982618332 0.10344912111759186 2.812002182006836
0.27731645107269287 -0.08891548216342926 2.8264048099517822
-0.08779466897249222 -0.1606939435005188 2.763892650604248
0.3143080174922943 -0.3339720368385315 2.8654134273529053
-0.024701595306396484 -0.1677553504705429 2.4889373779296875
0.3258422613143921 -0.4157801866531372 2.9090538024902344
0.01693926937878132 -0.19940447807312012 2.3670761585235596
88
0.09045900404453278 -0.986344039440155 2.2992124557495117
0.05559180676937103 -0.9215275645256042 2.0396618843078613
-0.013426298275589943 -0.6668202877044678 2.3387160301208496
-0.024190273135900497 -0.5418716073036194 2.359241247177124
0.1716257482767105 -0.3665614128112793 2.6880762577056885
0.006598207633942366 -0.38159671425819397 2.7027688026428223
0.17245367169380188 0.14454209804534912 2.7492902278900146
-0.1252150982618332 0.10344912111759186 2.812002182006836
0.27731645107269287 -0.08891548216342926 2.8264048099517822
-0.08779466897249222 -0.1606939435005188 2.763892650604248
0.3143080174922943 -0.3339720368385315 2.8654134273529053
-0.024701595306396484 -0.1677553504705429 2.4889373779296875
0.3258422613143921 -0.4157801866531372 2.9090538024902344
0.01693926937878132 -0.19940447807312012 2.3670761585235596
89
0.10502497851848602 -0.998285174369812 2.3978991508483887
0.050126053392887115 -0.9656556248664856 2.150888442993164
-0.025673873722553253 -0.6925752758979797 2.381274938583374
-0.030387863516807556 -0.5664808750152588 2.410012722015381
0.1700579673051834 -0.3778342306613922 2.7089788913726807
0.014357761479914188 -0.39082545042037964 2.743096113204956
0.17275327444076538 0.13630779087543488 2.793954610824585
-0.12849174439907074 0.08659496903419495 2.8626766204833984
0.2795666754245758 -0.10300324857234955 2.8529574871063232
-0.08679564297199249 -0.1832667738199234 2.821512460708618
0.3129352927207947 -0.36134016513824463 2.8718698024749756
-0.08211243897676468 -0.362920880317688 2.6067166328430176
0.2956959307193756 -0.4597775638103485 2.886784315109253
-0.0792941227555275 -0.47777029871940613 2.461337089538574
90
0.10502497851848602 -0.998285174369812 2.3978991508483887
0.050126053392887115 -0.9656556248664856 2.150888442993164
-0.025673873722553253 -0.6925752758979797 2.381274938583374
-0.030387863516807556 -0.5664808750152588 2.410012722015381
0.1700579673051834 -0.3778342306613922 2.7089788913726807
0.014357761479914188 -0.39082545042037964 2.743096113204956
0.17275327444076538 0.13630779087543488 2.793954610824585
-0.12849174439907074 0.08659496903419495 2.8626766204833984
0.2795666754245758 -0.10300324857234955 2.8529574871063232
-0.08679564297199249 -0.1832667738199234 2.821512460708618
0.3129352927207947 -0.36134016513824463 2.8718698024749756
-0.08211243897676468 -0.362920880317688 2.6067166328430176
0.2956959307193756 -0.4597775638103485 2.886784315109253
-0.0792941227555275 -0.47777029871940613 2.461337089538574
91
0.11205381900072098 -1.046107530593872 2.4113757610321045
0.016694504767656326 -0.9745330810546875 2.2638015747070312
0.15199732780456543 -0.6392051577568054 2.5377869606018066
-0.04715478792786598 -0.5573816895484924 2.4721169471740723
0.16953276097774506 -0.3726101815700531 2.795822858810425
0.009060796350240707 -0.39890140295028687 2.8128621578216553
0.17096079885959625 0.12569914758205414 2.8489315509796143
-0.13125209510326385 0.07519363611936569 2.8980584144592285
0.2755855619907379 -0.11864002048969269 2.8940274715423584
-0.09282658994197845 -0.19586041569709778 2.871924638748169
0.31450769305229187 -0.35516437888145447 2.8690550327301025
-0.08184930682182312 -0.36683130264282227 2.6501173973083496
0.297401487827301 -0.47915148735046387 2.8435614109039307
-0.07391902804374695 -0.4757469594478607 2.4998531341552734
92
0.11205381900072098 -1.046107530593872 2.4113757610321045
0.016694504767656326 -0.9745330810546875 2.2638015747070312
0.15199732780456543 -0.6392051577568054 2.5377869606018066
-0.04715478792786598 -0.5573816895484924 2.4721169471740723
0.16953276097774506 -0.3726101815700531 2.795822858810425
0.009060796350240707 -0.39890140295028687 2.8128621578216553
0.17096079885959625 0.12569914758205414 2.8489315509796143
-0.13125209510326385 0.07519363611936569 2.8980584144592285
0.2755855619907379 -0.11864002048969269 2.8940274715423584
-0.09282658994197845 -0.19586041569709778 2.871924638748169
0.31450769305229187 -0.35516437888145447 2.8690550327301025
-0.08184930682182312 -0.36683130264282227 2.6501173973083496
0.297401487827301 -0.47915148735046387 2.8435614109039307
-0.07391902804374695 -0.4757469594478607 2.4998531341552734
93
0.06143853813409805 -1.063339114189148 2.5001401901245117
0.009328369051218033 -0.9774718880653381 2.414856195449829
0.15814949572086334 -0.6402367949485779 2.6015968322753906
-0.056723710149526596 -0.5586220622062683 2.535905361175537
0.16718722879886627 -0.36901238560676575 2.854294776916504
0.005883530713617802 -0.4000767767429352 2.8753576278686523
0.16778305172920227 0.12260112166404724 2.9055843353271484
-0.14011415839195251 0.06563962250947952 2.9486188888549805
0.27685582637786865 -0.12482935935258865 2.9272167682647705
-0.13319526612758636 -0.19848886132240295 2.9998672008514404
0.314264178276062 -0.35040581226348877 2.8597378730773926
-0.12434838712215424 -0.36293289065361023 2.772920608520508
0.3048459589481354 -0.4734033942222595 2.807119131088257
-0.11185269057750702 -0.46433722972869873 2.6188018321990967
94
0.19140625 -1.0966796875 2.640625
-0.01860993355512619 -0.9910563230514526 2.556845188140869
0.15877796709537506 -0.6154323816299438 2.6434326171875
-0.06626655906438828 -0.5811711549758911 2.612668991088867
0.16726823151111603 -0.3612566292285919 2.9163284301757812
0.0004605504800565541 -0.3937253952026367 2.9340462684631348
0.16584594547748566 0.1189412772655487 2.970048427581787
-0.14715662598609924 0.06872700154781342 3.0013484954833984
0.2709873914718628 -0.13036377727985382 2.990091323852539
-0.1552126556634903 -0.20284686982631683 3.013631820678711
0.30552488565444946 -0.3301449120044708 2.8522369861602783
-0.17100276052951813 -0.43748119473457336 2.866631031036377
0.31416523456573486 -0.4156326353549957 2.771704912185669
-0.1895231157541275 -0.5697905421257019 2.7546205520629883
