0
0.10663875192403793 -0.9000914692878723 2.013789176940918
-0.25442442297935486 -0.8748906850814819 1.999401569366455
0.04842672124505043 -0.4848509430885315 2.1246776580810547
-0.23946218192577362 -0.4810652434825897 2.109084129333496
-0.026830850169062614 -0.150589719414711 2.242946147918701
-0.17596940696239471 -0.15094392001628876 2.2194101810455322
0.06545788794755936 0.30303773283958435 2.265902280807495
-0.2668910622596741 0.3135646879673004 2.2089362144470215
0.14327476918697357 0.09537617862224579 2.2573065757751465
-0.36093440651893616 0.09806334972381592 2.1679089069366455
0.12184255570173264 -0.036134593188762665 2.0425570011138916
-0.2826809585094452 -0.04688964784145355 1.9934347867965698
0.0637233555316925 -0.1473582535982132 1.9465888738632202
-0.16753999888896942 -0.15389202535152435 1.8950976133346558
1
0.10663875192403793 -0.9000914692878723 2.013789176940918
-0.25442442297935486 -0.8748906850814819 1.999401569366455
0.04842672124505043 -0.4848509430885315 2.1246776580810547
-0.23946218192577362 -0.4810652434825897 2.109084129333496
-0.026830850169062614 -0.150589719414711 2.242946147918701
-0.17596940696239471 -0.15094392001628876 2.2194101810455322
0.06545788794755936 0.30303773283958435 2.265902280807495
-0.2668910622596741 0.3135646879673004 2.2089362144470215
0.14327476918697357 0.09537617862224579 2.2573065757751465
-0.36093440651893616 0.09806334972381592 2.1679089069366455
0.12184255570173264 -0.036134593188762665 2.0425570011138916
-0.2826809585094452 -0.04688964784145355 1.9934347867965698
0.0637233555316925 -0.1473582535982132 1.9465888738632202
-0.16753999888896942 -0.15389202535152435 1.8950976133346558
2
0.10662665963172913 -0.9002145528793335 2.013782262802124
-0.2543219029903412 -0.8740620017051697 1.9989677667617798
0.04865541309118271 -0.4857098162174225 2.124112129211426
-0.23955240845680237 -0.48112571239471436 2.1086924076080322
-0.02696145512163639 -0.1506565511226654 2.2427303791046143
-0.17607949674129486 -0.15105818212032318 2.219270944595337
0.06537158042192459 0.30291473865509033 2.2655224800109863
-0.26707446575164795 0.31351417303085327 2.2085351943969727
0.14347721636295319 0.09548967331647873 2.257166624069214
-0.3631279468536377 0.09701966494321823 2.1607913970947266
0.12191209197044373 -0.0363445021212101 2.040093183517456
-0.2821372449398041 -0.0442078672349453 1.987852931022644
0.06755217909812927 -0.14800573885440826 1.9473832845687866
-0.16282212734222412 -0.1523939073085785 1.890194296836853
3
0.10662665963172913 -0.9002145528793335 2.013782262802124
-0.2543219029903412 -0.8740620017051697 1.9989677667617798
0.04865541309118271 -0.4857098162174225 2.124112129211426
-0.23955240845680237 -0.48112571239471436 2.1086924076080322
-0.02696145512163639 -0.1506565511226654 2.2427303791046143
-0.17607949674129486 -0.15105818212032318 2.219270944595337
0.06537158042192459 0.30291473865509033 2.2655224800109863
-0.26707446575164795 0.31351417303085327 2.2085351943969727
0.14347721636295319 0.09548967331647873 2.257166624069214
-0.3631279468536377 0.09701966494321823 2.1607913970947266
0.12191209197044373 -0.0363445021212101 2.040093183517456
-0.2821372449398041 -0.0442078672349453 1.987852931022644
0.06755217909812927 -0.14800573885440826 1.9473832845687866
-0.16282212734222412 -0.1523939073085785 1.890194296836853
4
0.10684721916913986 -0.9003215432167053 2.013561964035034
-0.25410476326942444 -0.8741468787193298 1.9989078044891357
0.048835400491952896 -0.486246258020401 2.123720645904541
-0.23982647061347961 -0.48140886425971985 2.107943534851074
-0.027007227763533592 -0.15102186799049377 2.242319107055664
-0.17617766559123993 -0.15147599577903748 2.218940019607544
0.06531359255313873 0.302819162607193 2.2654199600219727
-0.2672004997730255 0.3133019208908081 2.2078208923339844
0.14461340010166168 0.09595365822315216 2.2561593055725098
-0.3643999397754669 0.09836695343255997 2.153306007385254
0.12276946753263474 -0.03599878400564194 2.038404941558838
-0.2818686366081238 -0.042067091912031174 1.9816656112670898
0.06887932866811752 -0.14710593223571777 1.943198561668396
-0.16252976655960083 -0.15040291845798492 1.8851637840270996
5
0.10684721916913986 -0.9003215432167053 2.013561964035034
-0.25410476326942444 -0.8741468787193298 1.9989078044891357
0.048835400491952896 -0.486246258020401 2.123720645904541
-0.23982647061347961 -0.48140886425971985 2.107943534851074
-0.027007227763533592 -0.15102186799049377 2.242319107055664
-0.17617766559123993 -0.15147599577903748 2.218940019607544
0.06531359255313873 0.302819162607193 2.2654199600219727
-0.2672004997730255 0.3133019208908081 2.2078208923339844
0.14461340010166168 0.09595365822315216 2.2561593055725098
-0.3643999397754669 0.09836695343255997 2.153306007385254
0.12276946753263474 -0.03599878400564194 2.038404941558838
-0.2818686366081238 -0.042067091912031174 1.9816656112670898
0.06887932866811752 -0.14710593223571777 1.943198561668396
-0.16252976655960083 -0.15040291845798492 1.8851637840270996
6
0.1068369522690773 -0.9000860452651978 2.0129830837249756
-0.2540092468261719 -0.8746221661567688 1.9987707138061523
0.04916016757488251 -0.4871540665626526 2.1229517459869385
-0.24011065065860748 -0.48173388838768005 2.1069066524505615
-0.027050618082284927 -0.15144018828868866 2.242100954055786
-0.17613457143306732 -0.15194927155971527 2.2182440757751465
0.06558270007371902 0.30244433879852295 2.2650086879730225
-0.26711195707321167 0.3132217228412628 2.2072877883911133
0.14610755443572998 0.09704198688268661 2.25521183013916
-0.3666611611843109 0.09975489974021912 2.1421446800231934
0.12469951808452606 -0.035655006766319275 2.0337045192718506
-0.28001782298088074 -0.036911360919475555 1.9718878269195557
0.06961265206336975 -0.14843706786632538 1.9332705736160278
-0.16113528609275818 -0.14871476590633392 1.8746755123138428
7
0.1068369522690773 -0.9000860452651978 2.0129830837249756
-0.2540092468261719 -0.8746221661567688 1.9987707138061523
0.04916016757488251 -0.4871540665626526 2.1229517459869385
-0.24011065065860748 -0.48173388838768005 2.1069066524505615
-0.027050618082284927 -0.15144018828868866 2.242100954055786
-0.17613457143306732 -0.15194927155971527 2.2182440757751465
0.06558270007371902 0.30244433879852295 2.2650086879730225
-0.26711195707321167 0.3132217228412628 2.2072877883911133
0.14610755443572998 0.09704198688268661 2.25521183013916
-0.3666611611843109 0.09975489974021912 2.1421446800231934
0.12469951808452606 -0.035655006766319275 2.0337045192718506
-0.28001782298088074 -0.036911360919475555 1.9718878269195557
0.06961265206336975 -0.14843706786632538 1.9332705736160278
-0.16113528609275818 -0.14871476590633392 1.8746755123138428
8
0.10707058757543564 -0.899941086769104 2.012861967086792
-0.25379425287246704 -0.8747503757476807 1.9987773895263672
0.049377892166376114 -0.48737668991088867 2.122527599334717
-0.24063633382320404 -0.482028603553772 2.1059226989746094
-0.027060987427830696 -0.15197284519672394 2.242206573486328
-0.17607685923576355 -0.15254312753677368 2.2180240154266357
0.06582100689411163 0.3020574748516083 2.264878749847412
-0.26663127541542053 0.3130103349685669 2.2063241004943848
0.14861801266670227 0.09786625951528549 2.2532644271850586
-0.36724740266799927 0.10434704273939133 2.135788679122925
0.12839820981025696 -0.034704115241765976 2.0282764434814453
-0.27894026041030884 -0.03172774240374565 1.9621824026107788
0.07560189068317413 -0.14920808374881744 1.933546781539917
-0.15995773673057556 -0.14184977114200592 1.8645579814910889
9
0.10707058757543564 -0.899941086769104 2.012861967086792
-0.25379425287246704 -0.8747503757476807 1.9987773895263672
0.049377892166376114 -0.48737668991088867 2.122527599334717
-0.24063633382320404 -0.482028603553772 2.1059226989746094
-0.027060987427830696 -0.15197284519672394 2.242206573486328
-0.17607685923576355 -0.15254312753677368 2.2180240154266357
0.06582100689411163 0.3020574748516083 2.264878749847412
-0.26663127541542053 0.3130103349685669 2.2063241004943848
0.14861801266670227 0.09786625951528549 2.2532644271850586
-0.36724740266799927 0.10434704273939133 2.135788679122925
0.12839820981025696 -0.034704115241765976 2.0282764434814453
-0.27894026041030884 -0.03172774240374565 1.9621824026107788
0.07560189068317413 -0.14920808374881744 1.933546781539917
-0.15995773673057556 -0.14184977114200592 1.8645579814910889
10
0.107378751039505 -0.8999373316764832 2.012615442276001
-0.25322672724723816 -0.8746908903121948 1.9981898069381714
0.04990324750542641 -0.48766645789146423 2.121246099472046
-0.24135324358940125 -0.48275965452194214 2.1040263175964355
-0.027493098750710487 -0.15333619713783264 2.241698741912842
-0.17629995942115784 -0.15369530022144318 2.2174465656280518
0.06633409857749939 0.3008836805820465 2.264356851577759
-0.26593858003616333 0.3122231364250183 2.2043135166168213
0.15229596197605133 0.09918022155761719 2.2509756088256836
-0.36824873089790344 0.11033505946397781 2.123598098754883
0.13295434415340424 -0.033976659178733826 2.0175676345825195
-0.27284038066864014 -0.027089031413197517 1.943395733833313
0.08009614795446396 -0.1511824131011963 1.9251551628112793
-0.1528809666633606 -0.1377483755350113 1.854311227798462
11
0.10795193910598755 -0.9000450968742371 2.012629508972168
-0.2526835501194 -0.8748579621315002 1.9981845617294312
0.05007830262184143 -0.48773184418678284 2.1208248138427734
-0.24228167533874512 -0.48359641432762146 2.1025521755218506
-0.027712849900126457 -0.15479137003421783 2.241800546646118
-0.17626647651195526 -0.15493737161159515 2.216778516769409
0.06757356971502304 0.2980248034000397 2.263183832168579
-0.26506149768829346 0.3113834261894226 2.201511859893799
0.15948501229286194 0.10391013324260712 2.247860908508301
-0.36835530400276184 0.1188545823097229 2.1125426292419434
0.14046616852283478 -0.03489318862557411 1.9946887493133545
-0.26874440908432007 -0.022800760343670845 1.93034827709198
0.0799490213394165 -0.14534679055213928 1.921657919883728
-0.14275778830051422 -0.1347040832042694 1.8457071781158447
12
0.10795193910598755 -0.9000450968742371 2.012629508972168
-0.2526835501194 -0.8748579621315002 1.9981845617294312
0.05007830262184143 -0.48773184418678284 2.1208248138427734
-0.24228167533874512 -0.48359641432762146 2.1025521755218506
-0.027712849900126457 -0.15479137003421783 2.241800546646118
-0.17626647651195526 -0.15493737161159515 2.216778516769409
0.06757356971502304 0.2980248034000397 2.263183832168579
-0.26506149768829346 0.3113834261894226 2.201511859893799
0.15948501229286194 0.10391013324260712 2.247860908508301
-0.36835530400276184 0.1188545823097229 2.1125426292419434
0.14046616852283478 -0.03489318862557411 1.9946887493133545
-0.26874440908432007 -0.022800760343670845 1.93034827709198
0.0799490213394165 -0.14534679055213928 1.921657919883728
-0.14275778830051422 -0.1347040832042694 1.8457071781158447
13
0.10795193910598755 -0.9000450968742371 2.012629508972168
-0.2526835501194 -0.8748579621315002 1.9981845617294312
0.05007830262184143 -0.48773184418678284 2.1208248138427734
-0.24228167533874512 -0.48359641432762146 2.1025521755218506
-0.027712849900126457 -0.15479137003421783 2.241800546646118
-0.17626647651195526 -0.15493737161159515 2.216778516769409
0.06757356971502304 0.2980248034000397 2.263183832168579
-0.26506149768829346 0.3113834261894226 2.201511859893799
0.15948501229286194 0.10391013324260712 2.247860908508301
-0.36835530400276184 0.1188545823097229 2.1125426292419434
0.14046616852283478 -0.03489318862557411 1.9946887493133545
-0.26874440908432007 -0.022800760343670845 1.93034827709198
0.0799490213394165 -0.14534679055213928 1.921657919883728
-0.14275778830051422 -0.1347040832042694 1.8457071781158447
14
0.10825647413730621 -0.9001320600509644 2.0124471187591553
-0.25228434801101685 -0.8747767806053162 1.9978069067001343
0.05037614330649376 -0.487669438123703 2.120429277420044
-0.24295328557491302 -0.4840196967124939 2.1010398864746094
-0.02856127731502056 -0.15670962631702423 2.242361068725586
-0.17653711140155792 -0.15577740967273712 2.2166171073913574
0.07109612226486206 0.2937658727169037 2.262052059173584
-0.26360437273979187 0.31069284677505493 2.198927402496338
0.17045587301254272 0.10707752406597137 2.2448928356170654
-0.3672407865524292 0.13236945867538452 2.0918617248535156
0.15898185968399048 -0.019235441461205482 2.0042645931243896
-0.2582862973213196 -0.017169926315546036 1.90867018699646
0.08849721401929855 -0.13307708501815796 1.9193657636642456
-0.1320105344057083 -0.13148817420005798 1.8408173322677612
15
0.10885006934404373 -0.9003491401672363 2.012403726577759
-0.2520096004009247 -0.8747518062591553 1.9971387386322021
0.05090218409895897 -0.48766154050827026 2.1196842193603516
-0.24417033791542053 -0.48434531688690186 2.099092960357666
-0.02984987199306488 -0.15886162221431732 2.2438175678253174
-0.17699211835861206 -0.1567874252796173 2.2167611122131348
0.0722372829914093 0.29091277718544006 2.260986089706421
-0.2621590793132782 0.3092057704925537 2.195643186569214
0.1897902935743332 0.11538255214691162 2.2400453090667725
-0.36154356598854065 0.14811775088310242 2.0691723823547363
0.16869406402111053 -0.011772961355745792 2.000230073928833
-0.24796652793884277 -0.00880549754947424 1.8844609260559082
0.09572076052427292 -0.1238732635974884 1.909773349761963
-0.12011049687862396 -0.12089765816926956 1.8294355869293213
16
0.10885006934404373 -0.9003491401672363 2.012403726577759
-0.2520096004009247 -0.8747518062591553 1.9971387386322021
0.05090218409895897 -0.48766154050827026 2.1196842193603516
-0.24417033791542053 -0.48434531688690186 2.099092960357666
-0.02984987199306488 -0.15886162221431732 2.2438175678253174
-0.17699211835861206 -0.1567874252796173 2.2167611122131348
0.0722372829914093 0.29091277718544006 2.260986089706421
-0.2621590793132782 0.3092057704925537 2.195643186569214
0.1897902935743332 0.11538255214691162 2.2400453090667725
-0.36154356598854065 0.14811775088310242 2.0691723823547363
0.16869406402111053 -0.011772961355745792 2.000230073928833
-0.24796652793884277 -0.00880549754947424 1.8844609260559082
0.09572076052427292 -0.1238732635974884 1.909773349761963
-0.12011049687862396 -0.12089765816926956 1.8294355869293213
17
0.11012274026870728 -0.900204598903656 2.0121734142303467
-0.2501915991306305 -0.8745784163475037 1.9965413808822632
0.052552737295627594 -0.4874853789806366 2.1177196502685547
-0.2473708838224411 -0.4851251244544983 2.0950801372528076
-0.039524417370557785 -0.16657689213752747 2.250454902648926
-0.17978613078594208 -0.15912990272045135 2.218343734741211
0.07519706338644028 0.286080926656723 2.259248971939087
-0.25870826840400696 0.30725178122520447 2.1893651485443115
0.21001078188419342 0.12434203922748566 2.228102922439575
-0.3498639464378357 0.1604800969362259 2.0340094566345215
0.17948302626609802 -0.0018650847487151623 1.9747925996780396
-0.23321765661239624 0.00047917969641275704 1.8561639785766602
0.1066693440079689 -0.10519618541002274 1.898901343345642
-0.10599090903997421 -0.11437657475471497 1.817644476890564
18
0.11012274026870728 -0.900204598903656 2.0121734142303467
-0.2501915991306305 -0.8745784163475037 1.9965413808822632
0.052552737295627594 -0.4874853789806366 2.1177196502685547
-0.2473708838224411 -0.4851251244544983 2.0950801372528076
-0.039524417370557785 -0.16657689213752747 2.250454902648926
-0.17978613078594208 -0.15912990272045135 2.218343734741211
0.07519706338644028 0.286080926656723 2.259248971939087
-0.25870826840400696 0.30725178122520447 2.1893651485443115
0.21001078188419342 0.12434203922748566 2.228102922439575
-0.3498639464378357 0.1604800969362259 2.0340094566345215
0.17948302626609802 -0.0018650847487151623 1.9747925996780396
-0.23321765661239624 0.00047917969641275704 1.8561639785766602
0.1066693440079689 -0.10519618541002274 1.898901343345642
-0.10599090903997421 -0.11437657475471497 1.817644476890564
19
0.11370226740837097 -0.9000986218452454 2.0110251903533936
-0.2507422864437103 -0.8714596629142761 1.9931402206420898
0.05504411458969116 -0.4874613583087921 2.1139402389526367
-0.2519300878047943 -0.4839496612548828 2.0887863636016846
-0.04297708719968796 -0.17142514884471893 2.2549102306365967
-0.1808929294347763 -0.16073918342590332 2.219252347946167
0.07731635123491287 0.28001683950424194 2.258758068084717
-0.25430598855018616 0.304981529712677 2.181788444519043
0.2367573082447052 0.1486811488866806 2.201437473297119
-0.3423139154911041 0.16535234451293945 1.9859157800674438
0.18362769484519958 0.005496894009411335 1.9544334411621094
-0.23813657462596893 0.042892634868621826 1.8409713506698608
0.13393421471118927 -0.08131327480077744 1.8955726623535156
-0.09287265688180923 -0.10710570961236954 1.8020267486572266
20
0.11370226740837097 -0.9000986218452454 2.0110251903533936
-0.2507422864437103 -0.8714596629142761 1.9931402206420898
0.05504411458969116 -0.4874613583087921 2.1139402389526367
-0.2519300878047943 -0.4839496612548828 2.0887863636016846
-0.04297708719968796 -0.17142514884471893 2.2549102306365967
-0.1808929294347763 -0.16073918342590332 2.219252347946167
0.07731635123491287 0.28001683950424194 2.258758068084717
-0.25430598855018616 0.304981529712677 2.181788444519043
0.2367573082447052 0.1486811488866806 2.201437473297119
-0.3423139154911041 0.16535234451293945 1.9859157800674438
0.18362769484519958 0.005496894009411335 1.9544334411621094
-0.23813657462596893 0.042892634868621826 1.8409713506698608
0.13393421471118927 -0.08131327480077744 1.8955726623535156
-0.09287265688180923 -0.10710570961236954 1.8020267486572266
21
0.11688555777072906 -0.8991113305091858 2.010314464569092
-0.25229570269584656 -0.8613064289093018 1.985487937927246
0.056260813027620316 -0.487652450799942 2.1105053424835205
-0.2561659812927246 -0.4822646975517273 2.0834438800811768
-0.043834902346134186 -0.174367755651474 2.258183717727661
-0.1810559779405594 -0.1617714911699295 2.219736099243164
0.08002357184886932 0.27608412504196167 2.257880449295044
-0.24724651873111725 0.30516818165779114 2.1757094860076904
0.2548936903476715 0.1691187173128128 2.194676160812378
-0.33195939660072327 0.18190723657608032 1.9686881303787231
0.22010323405265808 0.06237081065773964 1.9395748376846313
-0.2459850311279297 0.07707054167985916 1.7990937232971191
0.16466353833675385 -0.044725071638822556 1.8622633218765259
-0.08649777621030807 -0.08575329184532166 1.7726771831512451
22
0.11688555777072906 -0.8991113305091858 2.010314464569092
-0.25229570269584656 -0.8613064289093018 1.985487937927246
0.056260813027620316 -0.487652450799942 2.1105053424835205
-0.2561659812927246 -0.4822646975517273 2.0834438800811768
-0.043834902346134186 -0.174367755651474 2.258183717727661
-0.1810559779405594 -0.1617714911699295 2.219736099243164
0.08002357184886932 0.27608412504196167 2.257880449295044
-0.24724651873111725 0.30516818165779114 2.1757094860076904
0.2548936903476715 0.1691187173128128 2.194676160812378
-0.33195939660072327 0.18190723657608032 1.9686881303787231
0.22010323405265808 0.06237081065773964 1.9395748376846313
-0.2459850311279297 0.07707054167985916 1.7990937232971191
0.16466353833675385 -0.044725071638822556 1.8622633218765259
-0.08649777621030807 -0.08575329184532166 1.7726771831512451
23
0.12220264226198196 -0.896486759185791 2.00858211517334
-0.2517264187335968 -0.8625417351722717 1.9823023080825806
0.0572759285569191 -0.48775795102119446 2.1045658588409424
-0.2579788267612457 -0.48114868998527527 2.078263759613037
-0.04518765211105347 -0.1775292009115219 2.2601723670959473
-0.18144038319587708 -0.16283103823661804 2.2201955318450928
0.08263864368200302 0.27343279123306274 2.2578768730163574
-0.23568212985992432 0.3029971122741699 2.1629629135131836
0.2768036723136902 0.20675940811634064 2.1979572772979736
-0.3214169442653656 0.20774181187152863 1.9310439825057983
0.23449020087718964 0.10562863945960999 1.9286664724349976
-0.17952682077884674 0.05951788276433945 1.774074673652649
0.19737157225608826 -0.001446797396056354 1.8497451543807983
-0.06979053467512131 -0.07772639393806458 1.7516127824783325
24
0.12220264226198196 -0.896486759185791 2.00858211517334
-0.2517264187335968 -0.8625417351722717 1.9823023080825806
0.0572759285569191 -0.48775795102119446 2.1045658588409424
-0.2579788267612457 -0.48114868998527527 2.078263759613037
-0.04518765211105347 -0.1775292009115219 2.2601723670959473
-0.18144038319587708 -0.16283103823661804 2.2201955318450928
0.08263864368200302 0.27343279123306274 2.2578768730163574
-0.23568212985992432 0.3029971122741699 2.1629629135131836
0.2768036723136902 0.20675940811634064 2.1979572772979736
-0.3214169442653656 0.20774181187152863 1.9310439825057983
0.23449020087718964 0.10562863945960999 1.9286664724349976
-0.17952682077884674 0.05951788276433945 1.774074673652649
0.19737157225608826 -0.001446797396056354 1.8497451543807983
-0.06979053467512131 -0.07772639393806458 1.7516127824783325
25
0.12775929272174835 -0.8945435285568237 2.006669521331787
-0.24902741611003876 -0.861864447593689 1.9782911539077759
0.059145934879779816 -0.48944029211997986 2.0969765186309814
-0.25991106033325195 -0.4826841950416565 2.0703139305114746
-0.045971184968948364 -0.18225055932998657 2.260625123977661
-0.18167749047279358 -0.16733406484127045 2.2194244861602783
0.08480076491832733 0.2721657454967499 2.2583091259002686
-0.22006769478321075 0.2993922829627991 2.148078680038452
0.2878186106681824 0.2692154049873352 2.1914446353912354
-0.3165976107120514 0.21783645451068878 1.9144608974456787
0.25781410932540894 0.1671644151210785 1.9208199977874756
-0.19112274050712585 0.11201349645853043 1.7623085975646973
0.21725429594516754 0.07852450013160706 1.8180162906646729
-0.05925620719790459 -0.05391339585185051 1.7199935913085938
26
0.12775929272174835 -0.8945435285568237 2.006669521331787
-0.24902741611003876 -0.861864447593689 1.9782911539077759
0.059145934879779816 -0.48944029211997986 2.0969765186309814
-0.25991106033325195 -0.4826841950416565 2.0703139305114746
-0.045971184968948364 -0.18225055932998657 2.260625123977661
-0.18167749047279358 -0.16733406484127045 2.2194244861602783
0.08480076491832733 0.2721657454967499 2.2583091259002686
-0.22006769478321075 0.2993922829627991 2.148078680038452
0.2878186106681824 0.2692154049873352 2.1914446353912354
-0.3165976107120514 0.21783645451068878 1.9144608974456787
0.25781410932540894 0.1671644151210785 1.9208199977874756
-0.19112274050712585 0.11201349645853043 1.7623085975646973
0.21725429594516754 0.07852450013160706 1.8180162906646729
-0.05925620719790459 -0.05391339585185051 1.7199935913085938
27
0.12850257754325867 -0.895317554473877 2.00280499458313
-0.25076818466186523 -0.862791121006012 1.9714782238006592
0.061058253049850464 -0.4926365613937378 2.0873658657073975
-0.26033690571784973 -0.48534122109413147 2.063049554824829
-0.045434609055519104 -0.184178426861763 2.2603042125701904
-0.18151651322841644 -0.17008614540100098 2.2166998386383057
0.08893918246030807 0.272565096616745 2.2605488300323486
-0.2200305163860321 0.2994513213634491 2.1480813026428223
0.28871455788612366 0.30572280287742615 2.192992687225342
-0.30940842628479004 0.2396945357322693 1.9067097902297974
0.2673019468784332 0.24647802114486694 1.909008264541626
-0.1623777598142624 0.11070550233125687 1.7213654518127441
0.252946138381958 0.19713661074638367 1.7896214723587036
-0.05550556629896164 -0.01430471707135439 1.6818479299545288
28
0.12850257754325867 -0.895317554473877 2.00280499458313
-0.25076818466186523 -0.862791121006012 1.9714782238006592
0.061058253049850464 -0.4926365613937378 2.0873658657073975
-0.26033690571784973 -0.48534122109413147 2.063049554824829
-0.045434609055519104 -0.184178426861763 2.2603042125701904
-0.18151651322841644 -0.17008614540100098 2.2166998386383057
0.08893918246030807 0.272565096616745 2.2605488300323486
-0.2200305163860321 0.2994513213634491 2.1480813026428223
0.28871455788612366 0.30572280287742615 2.192992687225342
-0.30940842628479004 0.2396945357322693 1.9067097902297974
0.2673019468784332 0.24647802114486694 1.909008264541626
-0.1623777598142624 0.11070550233125687 1.7213654518127441
0.252946138381958 0.19713661074638367 1.7896214723587036
-0.05550556629896164 -0.01430471707135439 1.6818479299545288
29
0.13812237977981567 -0.8968498706817627 2.0027241706848145
-0.24302509427070618 -0.8613125681877136 1.9691394567489624
0.06220477819442749 -0.4940919280052185 2.079620838165283
-0.25983619689941406 -0.4860139489173889 2.0559096336364746
-0.043968383222818375 -0.18501421809196472 2.2582128047943115
-0.17786763608455658 -0.17187349498271942 2.2100563049316406
0.09450233727693558 0.2797885835170746 2.2635984420776367
-0.19413872063159943 0.3044273853302002 2.1233954429626465
0.2775214910507202 0.3676486015319824 2.2002406120300293
-0.3259452283382416 0.26514682173728943 1.862178087234497
0.25990182161331177 0.35021036863327026 1.9104279279708862
-0.16584241390228271 0.13448256254196167 1.6949915885925293
0.2842550575733185 0.30887001752853394 1.7819865942001343
-0.05590188503265381 0.029141271486878395 1.6492125988006592
30
0.13812237977981567 -0.8968498706817627 2.0027241706848145
-0.24302509427070618 -0.8613125681877136 1.9691394567489624
0.06220477819442749 -0.4940919280052185 2.079620838165283
-0.25983619689941406 -0.4860139489173889 2.0559096336364746
-0.043968383222818375 -0.18501421809196472 2.2582128047943115
-0.17786763608455658 -0.17187349498271942 2.2100563049316406
0.09450233727693558 0.2797885835170746 2.2635984420776367
-0.19413872063159943 0.3044273853302002 2.1233954429626465
0.2775214910507202 0.3676486015319824 2.2002406120300293
-0.3259452283382416 0.26514682173728943 1.862178087234497
0.25990182161331177 0.35021036863327026 1.9104279279708862
-0.16584241390228271 0.13448256254196167 1.6949915885925293
0.2842550575733185 0.30887001752853394 1.7819865942001343
-0.05590188503265381 0.029141271486878395 1.6492125988006592
31
0.13865521550178528 -0.8975399136543274 1.999871850013733
-0.24423199892044067 -0.8615772128105164 1.9662058353424072
0.06297356635332108 -0.4945274591445923 2.0734050273895264
-0.2596498429775238 -0.48538339138031006 2.0545647144317627
-0.04146954417228699 -0.18265774846076965 2.251676321029663
-0.17555630207061768 -0.168476402759552 2.2033944129943848
0.09213156253099442 0.28686344623565674 2.2636160850524902
-0.19738298654556274 0.30882927775382996 2.125136375427246
0.25565090775489807 0.41394639015197754 2.217622995376587
-0.32435116171836853 0.26863792538642883 1.8615937232971191
0.24361471831798553 0.4648481011390686 1.93178391456604
-0.16642528772354126 0.1636178195476532 1.6758275032043457
0.2650514245033264 0.44225671887397766 1.7860316038131714
-0.06494012475013733 0.07889948785305023 1.6234116554260254
32
0.13865521550178528 -0.8975399136543274 1.999871850013733
-0.24423199892044067 -0.8615772128105164 1.9662058353424072
0.06297356635332108 -0.4945274591445923 2.0734050273895264
-0.2596498429775238 -0.48538339138031006 2.0545647144317627
-0.04146954417228699 -0.18265774846076965 2.251676321029663
-0.17555630207061768 -0.168476402759552 2.2033944129943848
0.09213156253099442 0.28686344623565674 2.2636160850524902
-0.19738298654556274 0.30882927775382996 2.125136375427246
0.25565090775489807 0.41394639015197754 2.217622995376587
-0.32435116171836853 0.26863792538642883 1.8615937232971191
0.24361471831798553 0.4648481011390686 1.93178391456604
-0.16642528772354126 0.1636178195476532 1.6758275032043457
0.2650514245033264 0.44225671887397766 1.7860316038131714
-0.06494012475013733 0.07889948785305023 1.6234116554260254
33
0.1462269127368927 -0.8970000147819519 2.0022757053375244
-0.23927447199821472 -0.8599836230278015 1.9683597087860107
0.06368871033191681 -0.49337127804756165 2.071319103240967
-0.2615581750869751 -0.48228195309638977 2.0538904666900635
-0.03882913291454315 -0.16565781831741333 2.238901376724243
-0.16588205099105835 -0.1500580906867981 2.1921119689941406
0.10384922474622726 0.3490332067012787 2.2693395614624023
-0.17504674196243286 0.3528422713279724 2.1050589084625244
0.2579132318496704 0.48567530512809753 2.22659969329834
-0.32321158051490784 0.2856070101261139 1.8590672016143799
0.21545477211475372 0.5640320777893066 2.029092311859131
-0.2167677879333496 0.24156402051448822 1.6745057106018066
0.22677433490753174 0.5837213397026062 1.8518562316894531
-0.08440970629453659 0.13115231692790985 1.6023157835006714
34
0.1462269127368927 -0.8970000147819519 2.0022757053375244
-0.23927447199821472 -0.8599836230278015 1.9683597087860107
0.06368871033191681 -0.49337127804756165 2.071319103240967
-0.2615581750869751 -0.48228195309638977 2.0538904666900635
-0.03882913291454315 -0.16565781831741333 2.238901376724243
-0.16588205099105835 -0.1500580906867981 2.1921119689941406
0.10384922474622726 0.3490332067012787 2.2693395614624023
-0.17504674196243286 0.3528422713279724 2.1050589084625244
0.2579132318496704 0.48567530512809753 2.22659969329834
-0.32321158051490784 0.2856070101261139 1.8590672016143799
0.21545477211475372 0.5640320777893066 2.029092311859131
-0.2167677879333496 0.24156402051448822 1.6745057106018066
0.22677433490753174 0.5837213397026062 1.8518562316894531
-0.08440970629453659 0.13115231692790985 1.6023157835006714
35
0.14581356942653656 -0.892625629901886 1.9996973276138306
-0.24895808100700378 -0.8511189818382263 1.9702327251434326
0.06554068624973297 -0.4821353256702423 2.0688130855560303
-0.27738624811172485 -0.4377215802669525 2.0630855560302734
-0.03589988127350807 -0.13682903349399567 2.2326135635375977
-0.16379934549331665 -0.1252565234899521 2.189577341079712
0.09992489218711853 0.37098437547683716 2.2568085193634033
-0.1753893941640854 0.36024409532546997 2.1027462482452393
0.23292557895183563 0.5438644886016846 2.2329154014587402
-0.32245442271232605 0.3207424283027649 1.8500972986221313
0.1764460653066635 0.6515458822250366 2.0547866821289062
-0.17972852289676666 0.2428128570318222 1.6288129091262817
0.17042571306228638 0.6758816838264465 1.8949862718582153
-0.10693716257810593 0.17413847148418427 1.5854488611221313
36
0.14581356942653656 -0.892625629901886 1.9996973276138306
-0.24895808100700378 -0.8511189818382263 1.9702327251434326
0.06554068624973297 -0.4821353256702423 2.0688130855560303
-0.27738624811172485 -0.4377215802669525 2.0630855560302734
-0.03589988127350807 -0.13682903349399567 2.2326135635375977
-0.16379934549331665 -0.1252565234899521 2.189577341079712
0.09992489218711853 0.37098437547683716 2.2568085193634033
-0.1753893941640854 0.36024409532546997 2.1027462482452393
0.23292557895183563 0.5438644886016846 2.2329154014587402
-0.32245442271232605 0.3207424283027649 1.8500972986221313
0.1764460653066635 0.6515458822250366 2.0547866821289062
-0.17972852289676666 0.2428128570318222 1.6288129091262817
0.17042571306228638 0.6758816838264465 1.8949862718582153
-0.10693716257810593 0.17413847148418427 1.5854488611221313
37
0.14495998620986938 -0.8863936066627502 1.9960652589797974
-0.29678118228912354 -0.8185814023017883 1.9721136093139648
0.0626024454832077 -0.420798122882843 2.0760703086853027
-0.28152260184288025 -0.40835946798324585 2.0751500129699707
-0.029020994901657104 -0.09296167641878128 2.236403465270996
-0.16139598190784454 -0.08016424626111984 2.1993820667266846
0.10075315833091736 0.41923296451568604 2.233912706375122
-0.16540445387363434 0.4145105481147766 2.106782913208008
0.23117686808109283 0.6101979613304138 2.2268264293670654
-0.3426012694835663 0.36243313550949097 1.877648115158081
0.11573237925767899 0.7178422808647156 2.0816428661346436
-0.19887369871139526 0.28550976514816284 1.636968970298767
0.09127494692802429 0.7542431354522705 1.9719913005828857
-0.13408273458480835 0.2115378975868225 1.5821232795715332
38
0.14495998620986938 -0.8863936066627502 1.9960652589797974
-0.29678118228912354 -0.8185814023017883 1.9721136093139648
0.0626024454832077 -0.420798122882843 2.0760703086853027
-0.28152260184288025 -0.40835946798324585 2.0751500129699707
-0.029020994901657104 -0.09296167641878128 2.236403465270996
-0.16139598190784454 -0.08016424626111984 2.1993820667266846
0.10075315833091736 0.41923296451568604 2.233912706375122
-0.16540445387363434 0.4145105481147766 2.106782913208008
0.23117686808109283 0.6101979613304138 2.2268264293670654
-0.3426012694835663 0.36243313550949097 1.877648115158081
0.11573237925767899 0.7178422808647156 2.0816428661346436
-0.19887369871139526 0.28550976514816284 1.636968970298767
0.09127494692802429 0.7542431354522705 1.9719913005828857
-0.13408273458480835 0.2115378975868225 1.5821232795715332
39
0.1701515018939972 -0.8685648441314697 1.9824713468551636
-0.3399486839771271 -0.7808854579925537 1.9517133235931396
0.06774016469717026 -0.41124653816223145 2.07700777053833
-0.29706454277038574 -0.3616112768650055 2.097395420074463
-0.018869932740926743 -0.051732148975133896 2.241509437561035
-0.1596410721540451 -0.03257259726524353 2.2160961627960205
0.11369118094444275 0.45434871315956116 2.2161450386047363
-0.1537502408027649 0.45471543073654175 2.106621265411377
0.22107729315757751 0.6414923667907715 2.204143762588501
-0.34090763330459595 0.4244874119758606 1.8818938732147217
0.07989475131034851 0.780569314956665 2.1323158740997314
-0.21586653590202332 0.3220851421356201 1.640222430229187
0.032248567789793015 0.8592492938041687 2.032518148422241
-0.16132420301437378 0.24357125163078308 1.5713073015213013
40
0.1701515018939972 -0.8685648441314697 1.9824713468551636
-0.3399486839771271 -0.7808854579925537 1.9517133235931396
0.06774016469717026 -0.41124653816223145 2.07700777053833
-0.29706454277038574 -0.3616112768650055 2.097395420074463
-0.018869932740926743 -0.051732148975133896 2.241509437561035
-0.1596410721540451 -0.03257259726524353 2.2160961627960205
0.11369118094444275 0.45434871315956116 2.2161450386047363
-0.1537502408027649 0.45471543073654175 2.106621265411377
0.22107729315757751 0.6414923667907715 2.204143762588501
-0.34090763330459595 0.4244874119758606 1.8818938732147217
0.07989475131034851 0.780569314956665 2.1323158740997314
-0.21586653590202332 0.3220851421356201 1.640222430229187
0.032248567789793015 0.8592492938041687 2.032518148422241
-0.16132420301437378 0.24357125163078308 1.5713073015213013
41
0.20487819612026215 -0.847019374370575 1.9573750495910645
-0.358516663312912 -0.7750476002693176 1.944815754890442
0.0842352882027626 -0.38856592774391174 2.0822527408599854
-0.30135563015937805 -0.3511049151420593 2.1002261638641357
-0.015181305818259716 -0.04001941531896591 2.249379873275757
-0.1598760485649109 -0.030238186940550804 2.219163179397583
0.10581037402153015 0.4638935923576355 2.1960763931274414
-0.17238858342170715 0.4191805422306061 2.096172332763672
0.21529896557331085 0.6689381003379822 2.138619899749756
-0.36205995082855225 0.4392174482345581 1.8729885816574097
0.07655403763055801 0.8340762853622437 2.1374435424804688
-0.24077637493610382 0.37247994542121887 1.6274356842041016
-0.052166182547807693 0.950249433517456 2.1052751541137695
-0.20912986993789673 0.2578901946544647 1.5402199029922485
42
0.20487819612026215 -0.847019374370575 1.9573750495910645
-0.358516663312912 -0.7750476002693176 1.944815754890442
0.0842352882027626 -0.38856592774391174 2.0822527408599854
-0.30135563015937805 -0.3511049151420593 2.1002261638641357
-0.015181305818259716 -0.04001941531896591 2.249379873275757
-0.1598760485649109 -0.030238186940550804 2.219163179397583
0.10581037402153015 0.4638935923576355 2.1960763931274414
-0.17238858342170715 0.4191805422306061 2.096172332763672
0.21529896557331085 0.6689381003379822 2.138619899749756
-0.36205995082855225 0.4392174482345581 1.8729885816574097
0.07655403763055801 0.8340762853622437 2.1374435424804688
-0.24077637493610382 0.37247994542121887 1.6274356842041016
-0.052166182547807693 0.950249433517456 2.1052751541137695
-0.20912986993789673 0.2578901946544647 1.5402199029922485
43
0.21579714119434357 -0.8323941230773926 1.9428868293762207
-0.37654444575309753 -0.7665783166885376 1.9410597085952759
0.09536170214414597 -0.37574246525764465 2.0879573822021484
-0.3134700655937195 -0.3368716835975647 2.097336769104004
-0.0116933798417449 -0.03378015384078026 2.2534842491149902
-0.15896262228488922 -0.025030674412846565 2.2301788330078125
0.09433960169553757 0.46826571226119995 2.164254665374756
-0.17546597123146057 0.41915154457092285 2.0948715209960938
0.1819303333759308 0.6771575808525085 2.072122097015381
-0.3695834279060364 0.43163570761680603 1.921138882637024
0.09046590328216553 0.8760649561882019 2.094273328781128
-0.2617091238498688 0.3854707181453705 1.6550157070159912
-0.0188053697347641 0.9985262751579285 2.188632011413574
-0.23294831812381744 0.2825758457183838 1.5149699449539185
44
0.21579714119434357 -0.8323941230773926 1.9428868293762207
-0.37654444575309753 -0.7665783166885376 1.9410597085952759
0.09536170214414597 -0.37574246525764465 2.0879573822021484
-0.3134700655937195 -0.3368716835975647 2.097336769104004
-0.0116933798417449 -0.03378015384078026 2.2534842491149902
-0.15896262228488922 -0.025030674412846565 2.2301788330078125
0.09433960169553757 0.46826571226119995 2.164254665374756
-0.17546597123146057 0.41915154457092285 2.0948715209960938
0.1819303333759308 0.6771575808525085 2.072122097015381
-0.3695834279060364 0.43163570761680603 1.921138882637024
0.09046590328216553 0.8760649561882019 2.094273328781128
-0.2617091238498688 0.3854707181453705 1.6550157070159912
-0.0188053697347641 0.9985262751579285 2.188632011413574
-0.23294831812381744 0.2825758457183838 1.5149699449539185
45
0.22929738461971283 -0.8179563283920288 1.9241163730621338
-0.39857104420661926 -0.7535155415534973 1.9428118467330933
0.1009860411286354 -0.3630020320415497 2.0982601642608643
-0.316091388463974 -0.32010316848754883 2.09743332862854
-0.016867367550730705 0.000701851153280586 2.291658401489258
-0.14987249672412872 0.009888429194688797 2.2886204719543457
0.09549928456544876 0.4738326668739319 2.1376307010650635
-0.18024665117263794 0.4190400540828705 2.0955076217651367
0.12583860754966736 0.7131267786026001 2.0064749717712402
-0.3746894896030426 0.4177651107311249 1.8755563497543335
0.09925299137830734 0.9308395981788635 2.0559327602386475
-0.2723168432712555 0.42096570134162903 1.6076834201812744
0.09110817313194275 1.0123299360275269 2.117802143096924
-0.23754282295703888 0.2889029383659363 1.4882766008377075
46
0.22929738461971283 -0.8179563283920288 1.9241163730621338
-0.39857104420661926 -0.7535155415534973 1.9428118467330933
0.1009860411286354 -0.3630020320415497 2.0982601642608643
-0.316091388463974 -0.32010316848754883 2.09743332862854
-0.016867367550730705 0.000701851153280586 2.291658401489258
-0.14987249672412872 0.009888429194688797 2.2886204719543457
0.09549928456544876 0.4738326668739319 2.1376307010650635
-0.18024665117263794 0.4190400540828705 2.0955076217651367
0.12583860754966736 0.7131267786026001 2.0064749717712402
-0.3746894896030426 0.4177651107311249 1.8755563497543335
0.09925299137830734 0.9308395981788635 2.0559327602386475
-0.2723168432712555 0.42096570134162903 1.6076834201812744
0.09110817313194275 1.0123299360275269 2.117802143096924
-0.23754282295703888 0.2889029383659363 1.4882766008377075
47
0.23410950601100922 -0.7832292914390564 1.8973989486694336
-0.4279188811779022 -0.7331058382987976 1.922837257385254
0.1316666603088379 -0.3260106146335602 2.0876126289367676
-0.3501395583152771 -0.26477810740470886 2.063368558883667
-0.017340311780571938 -0.06481826305389404 2.2945117950439453
-0.15470825135707855 -0.0637948215007782 2.2992289066314697
0.09477153420448303 0.4474366307258606 2.1228387355804443
-0.20513194799423218 0.373285174369812 2.1107852458953857
0.09354791045188904 0.7014338374137878 1.986536979675293
-0.3648151755332947 0.391130656003952 1.8640954494476318
0.09647543728351593 0.9518088102340698 1.9775923490524292
-0.2939417064189911 0.373596727848053 1.6088902950286865
0.1918189525604248 1.0501742362976074 1.9831291437149048
-0.2344905436038971 0.33104366064071655 1.4996871948242188
48
0.23410950601100922 -0.7832292914390564 1.8973989486694336
-0.4279188811779022 -0.7331058382987976 1.922837257385254
0.1316666603088379 -0.3260106146335602 2.0876126289367676
-0.3501395583152771 -0.26477810740470886 2.063368558883667
-0.017340311780571938 -0.06481826305389404 2.2945117950439453
-0.15470825135707855 -0.0637948215007782 2.2992289066314697
0.09477153420448303 0.4474366307258606 2.1228387355804443
-0.20513194799423218 0.373285174369812 2.1107852458953857
0.09354791045188904 0.7014338374137878 1.986536979675293
-0.3648151755332947 0.391130656003952 1.8640954494476318
0.09647543728351593 0.9518088102340698 1.9775923490524292
-0.2939417064189911 0.373596727848053 1.6088902950286865
0.1918189525604248 1.0501742362976074 1.9831291437149048
-0.2344905436038971 0.33104366064071655 1.4996871948242188
49
0.23278722167015076 -0.7891161441802979 1.8922163248062134
-0.42974457144737244 -0.7440492510795593 1.9293463230133057
0.13291190564632416 -0.33290907740592957 2.08414363861084
-0.34927770495414734 -0.2758016586303711 2.0619752407073975
-0.018258167430758476 -0.07310868799686432 2.2911217212677
-0.15784984827041626 -0.06886130571365356 2.2955853939056396
0.0926341637969017 0.4421115517616272 2.118659019470215
-0.20105887949466705 0.389647513628006 2.114132881164551
0.09055349975824356 0.670772910118103 1.939247965812683
-0.3511379361152649 0.35721057653427124 1.9572584629058838
0.07667437940835953 0.9257675409317017 1.8446263074874878
-0.3398960530757904 0.36135396361351013 1.739837646484375
0.11068623512983322 0.9967267513275146 1.801375150680542
-0.24459446966648102 0.36587420105934143 1.4963074922561646
50
0.23278722167015076 -0.7891161441802979 1.8922163248062134
-0.42974457144737244 -0.7440492510795593 1.9293463230133057
0.13291190564632416 -0.33290907740592957 2.08414363861084
-0.34927770495414734 -0.2758016586303711 2.0619752407073975
-0.018258167430758476 -0.07310868799686432 2.2911217212677
-0.15784984827041626 -0.06886130571365356 2.2955853939056396
0.0926341637969017 0.4421115517616272 2.118659019470215
-0.20105887949466705 0.389647513628006 2.114132881164551
0.09055349975824356 0.670772910118103 1.939247965812683
-0.3511379361152649 0.35721057653427124 1.9572584629058838
0.07667437940835953 0.9257675409317017 1.8446263074874878
-0.3398960530757904 0.36135396361351013 1.739837646484375
0.11068623512983322 0.9967267513275146 1.801375150680542
-0.24459446966648102 0.36587420105934143 1.4963074922561646
51
0.21070940792560577 -0.8547646403312683 1.9875530004501343
-0.386474609375 -0.83056640625 2.05859375
0.13136759400367737 -0.3637411594390869 2.0718610286712646
-0.3435882031917572 -0.3178161084651947 2.056943655014038
-0.019419236108660698 -0.09928332269191742 2.2715439796447754
-0.1575031280517578 -0.09878238290548325 2.282219171524048
0.075759656727314 0.4597618281841278 2.0789783000946045
-0.20138046145439148 0.3866519331932068 2.117929458618164
0.10772949457168579 0.6013525724411011 1.9156410694122314
-0.3546200096607208 0.33526501059532166 1.9698655605316162
0.051952071487903595 0.7887578010559082 1.7414902448654175
-0.33834439516067505 0.33772245049476624 1.741658329963684
0.018314315006136894 0.8966468572616577 1.6285372972488403
-0.2316436618566513 0.37773147225379944 1.510586142539978
52
0.21070940792560577 -0.8547646403312683 1.9875530004501343
-0.386474609375 -0.83056640625 2.05859375
0.13136759400367737 -0.3637411594390869 2.0718610286712646
-0.3435882031917572 -0.3178161084651947 2.056943655014038
-0.019419236108660698 -0.09928332269191742 2.2715439796447754
-0.1575031280517578 -0.09878238290548325 2.282219171524048
0.075759656727314 0.4597618281841278 2.0789783000946045
-0.20138046145439148 0.3866519331932068 2.117929458618164
0.10772949457168579 0.6013525724411011 1.9156410694122314
-0.3546200096607208 0.33526501059532166 1.9698655605316162
0.051952071487903595 0.7887578010559082 1.7414902448654175
-0.33834439516067505 0.33772245049476624 1.741658329963684
0.018314315006136894 0.8966468572616577 1.6285372972488403
-0.2316436618566513 0.37773147225379944 1.510586142539978
53
0.1813226193189621 -0.8865056037902832 2.011522054672241
-0.3647119998931885 -0.765235424041748 1.9504029750823975
0.121193528175354 -0.40664905309677124 2.0520246028900146
-0.3303013741970062 -0.3693843483924866 2.0597543716430664
-0.016393158584833145 -0.1383654624223709 2.2559852600097656
-0.1617230474948883 -0.12624412775039673 2.2712714672088623
0.10699976235628128 0.3825124502182007 2.0903849601745605
-0.19338452816009521 0.3707334101200104 2.1243388652801514
0.1022239625453949 0.5223538875579834 1.9027186632156372
-0.3496147096157074 0.30453386902809143 1.9862264394760132
0.029230425134301186 0.6365241408348083 1.7025043964385986
-0.28874561190605164 0.28111979365348816 1.7027313709259033
-0.06439630687236786 0.7331692576408386 1.5928932428359985
-0.2576881945133209 0.35750746726989746 1.5572162866592407
54
0.1813226193189621 -0.8865056037902832 2.011522054672241
-0.3647119998931885 -0.765235424041748 1.9504029750823975
0.121193528175354 -0.40664905309677124 2.0520246028900146
-0.3303013741970062 -0.3693843483924866 2.0597543716430664
-0.016393158584833145 -0.1383654624223709 2.2559852600097656
-0.1617230474948883 -0.12624412775039673 2.2712714672088623
0.10699976235628128 0.3825124502182007 2.0903849601745605
-0.19338452816009521 0.3707334101200104 2.1243388652801514
0.1022239625453949 0.5223538875579834 1.9027186632156372
-0.3496147096157074 0.30453386902809143 1.9862264394760132
0.029230425134301186 0.6365241408348083 1.7025043964385986
-0.28874561190605164 0.28111979365348816 1.7027313709259033
-0.06439630687236786 0.7331692576408386 1.5928932428359985
-0.2576881945133209 0.35750746726989746 1.5572162866592407
55
0.21169616281986237 -0.8891574740409851 1.8532956838607788
-0.35252851247787476 -0.8140434622764587 1.9517956972122192
0.13631093502044678 -0.43211814761161804 2.017103433609009
-0.33248910307884216 -0.4198165833950043 2.048637866973877
-0.01587826944887638 -0.19238732755184174 2.2480056285858154
-0.16211317479610443 -0.1809314638376236 2.2630770206451416
0.1305864304304123 0.3338163495063782 2.0866334438323975
-0.1764843463897705 0.29676347970962524 2.146289587020874
0.11581237614154816 0.4331941604614258 1.8659143447875977
-0.36076486110687256 0.2555624544620514 1.9998382329940796
0.035103678703308105 0.4870443642139435 1.671929955482483
-0.30212655663490295 0.2780660092830658 1.7158657312393188
-0.030023347586393356 0.4798167645931244 1.5877861976623535
-0.2422102987766266 0.310247540473938 1.5777817964553833
56
0.21169616281986237 -0.8891574740409851 1.8532956838607788
-0.35252851247787476 -0.8140434622764587 1.9517956972122192
0.13631093502044678 -0.43211814761161804 2.017103433609009
-0.33248910307884216 -0.4198165833950043 2.048637866973877
-0.01587826944887638 -0.19238732755184174 2.2480056285858154
-0.16211317479610443 -0.1809314638376236 2.2630770206451416
0.1305864304304123 0.3338163495063782 2.0866334438323975
-0.1764843463897705 0.29676347970962524 2.146289587020874
0.11581237614154816 0.4331941604614258 1.8659143447875977
-0.36076486110687256 0.2555624544620514 1.9998382329940796
0.035103678703308105 0.4870443642139435 1.671929955482483
-0.30212655663490295 0.2780660092830658 1.7158657312393188
-0.030023347586393356 0.4798167645931244 1.5877861976623535
-0.2422102987766266 0.310247540473938 1.5777817964553833
57
0.17566892504692078 -0.8575146794319153 1.8973900079727173
-0.35004010796546936 -0.8362102508544922 1.9481477737426758
0.1394997537136078 -0.4364681541919708 1.9704995155334473
-0.33301764726638794 -0.43905389308929443 2.0113391876220703
-0.019126348197460175 -0.264695405960083 2.2578399181365967
-0.1872422844171524 -0.2359471470117569 2.281226396560669
0.23798134922981262 0.2271370142698288 2.0711095333099365
-0.18662101030349731 0.22184665501117706 2.144517660140991
0.14329132437705994 0.33380791544914246 1.8134493827819824
-0.4092707335948944 0.21059200167655945 1.9577486515045166
-0.0325847864151001 0.33041223883628845 1.6891330480575562
-0.30067163705825806 0.27522581815719604 1.6960170269012451
-0.07710129022598267 0.26233601570129395 1.5909754037857056
-0.22606372833251953 0.2411593496799469 1.6191906929016113
58
0.17566892504692078 -0.8575146794319153 1.8973900079727173
-0.35004010796546936 -0.8362102508544922 1.9481477737426758
0.1394997537136078 -0.4364681541919708 1.9704995155334473
-0.33301764726638794 -0.43905389308929443 2.0113391876220703
-0.019126348197460175 -0.264695405960083 2.2578399181365967
-0.1872422844171524 -0.2359471470117569 2.281226396560669
0.23798134922981262 0.2271370142698288 2.0711095333099365
-0.18662101030349731 0.22184665501117706 2.144517660140991
0.14329132437705994 0.33380791544914246 1.8134493827819824
-0.4092707335948944 0.21059200167655945 1.9577486515045166
-0.0325847864151001 0.33041223883628845 1.6891330480575562
-0.30067163705825806 0.27522581815719604 1.6960170269012451
-0.07710129022598267 0.26233601570129395 1.5909754037857056
-0.22606372833251953 0.2411593496799469 1.6191906929016113
59
0.18499046564102173 -0.8607222437858582 1.8924717903137207
-0.34151971340179443 -0.8361435532569885 1.9413408041000366
0.15571247041225433 -0.46788159012794495 1.9545912742614746
-0.3302307426929474 -0.4255058765411377 2.0118138790130615
-0.0052606500685215 -0.24580514430999756 2.197974920272827
-0.16572801768779755 -0.24739347398281097 2.2895069122314453
0.06628455221652985 0.3518516421318054 2.1091105937957764
-0.22046563029289246 0.27230316400527954 2.1384541988372803
0.1463245004415512 0.22886410355567932 1.852362036705017
-0.3995785415172577 0.18665851652622223 1.9218732118606567
-0.003829075489193201 0.16447629034519196 1.710721492767334
-0.2687997817993164 0.15010255575180054 1.6825333833694458
-0.08871068805456161 0.08806231617927551 1.654370665550232
-0.21731330454349518 0.12090389430522919 1.6428426504135132
60
0.18499046564102173 -0.8607222437858582 1.8924717903137207
-0.34151971340179443 -0.8361435532569885 1.9413408041000366
0.15571247041225433 -0.46788159012794495 1.9545912742614746
-0.3302307426929474 -0.4255058765411377 2.0118138790130615
-0.0052606500685215 -0.24580514430999756 2.197974920272827
-0.16572801768779755 -0.24739347398281097 2.2895069122314453
0.06628455221652985 0.3518516421318054 2.1091105937957764
-0.22046563029289246 0.27230316400527954 2.1384541988372803
0.1463245004415512 0.22886410355567932 1.852362036705017
-0.3995785415172577 0.18665851652622223 1.9218732118606567
-0.003829075489193201 0.16447629034519196 1.710721492767334
-0.2687997817993164 0.15010255575180054 1.6825333833694458
-0.08871068805456161 0.08806231617927551 1.654370665550232
-0.21731330454349518 0.12090389430522919 1.6428426504135132
61
0.18151021003723145 -0.8555172681808472 1.8884221315383911
-0.3483278155326843 -0.8311002850532532 1.937415599822998
0.13139845430850983 -0.4385065734386444 1.9842628240585327
-0.32793277502059937 -0.43155932426452637 2.028712272644043
-0.0170480627566576 -0.20134387910366058 2.2209365367889404
-0.15254996716976166 -0.20121243596076965 2.2491493225097656
0.05614311993122101 0.2781849503517151 2.1035079956054688
-0.2400260865688324 0.26369133591651917 2.1448984146118164
0.14863643050193787 0.15894287824630737 1.9261889457702637
-0.4288426637649536 0.15571895241737366 1.9484971761703491
0.03540583699941635 0.04050353541970253 1.7795603275299072
-0.26895976066589355 0.09634840488433838 1.7314283847808838
-0.07419384270906448 -0.05506017804145813 1.718353509902954
-0.21404984593391418 0.05123024806380272 1.6867121458053589
62
0.18151021003723145 -0.8555172681808472 1.8884221315383911
-0.3483278155326843 -0.8311002850532532 1.937415599822998
0.13139845430850983 -0.4385065734386444 1.9842628240585327
-0.32793277502059937 -0.43155932426452637 2.028712272644043
-0.0170480627566576 -0.20134387910366058 2.2209365367889404
-0.15254996716976166 -0.20121243596076965 2.2491493225097656
0.05614311993122101 0.2781849503517151 2.1035079956054688
-0.2400260865688324 0.26369133591651917 2.1448984146118164
0.14863643050193787 0.15894287824630737 1.9261889457702637
-0.4288426637649536 0.15571895241737366 1.9484971761703491
0.03540583699941635 0.04050353541970253 1.7795603275299072
-0.26895976066589355 0.09634840488433838 1.7314283847808838
-0.07419384270906448 -0.05506017804145813 1.718353509902954
-0.21404984593391418 0.05123024806380272 1.6867121458053589
63
0.17902782559394836 -0.8567794561386108 1.889498233795166
-0.34987643361091614 -0.8320044279098511 1.9381340742111206
0.12977339327335358 -0.43442171812057495 1.9855390787124634
-0.3273322284221649 -0.432034432888031 2.027730703353882
-0.016662707552313805 -0.20640166103839874 2.2336313724517822
-0.15535198152065277 -0.20339012145996094 2.253283977508545
0.061872996389865875 0.2642696499824524 2.0980708599090576
-0.24646808207035065 0.2638101577758789 2.146792411804199
0.13890217244625092 0.0796297937631607 1.9721872806549072
-0.3978736698627472 0.12674002349376678 1.9613211154937744
0.056569553911685944 -0.05902315303683281 1.828532338142395
-0.2792578339576721 0.009375525638461113 1.7763762474060059
-0.04359155148267746 -0.08438240736722946 1.7745921611785889
-0.2350456267595291 -0.007720228284597397 1.7237025499343872
64
0.17902782559394836 -0.8567794561386108 1.889498233795166
-0.34987643361091614 -0.8320044279098511 1.9381340742111206
0.12977339327335358 -0.43442171812057495 1.9855390787124634
-0.3273322284221649 -0.432034432888031 2.027730703353882
-0.016662707552313805 -0.20640166103839874 2.2336313724517822
-0.15535198152065277 -0.20339012145996094 2.253283977508545
0.061872996389865875 0.2642696499824524 2.0980708599090576
-0.24646808207035065 0.2638101577758789 2.146792411804199
0.13890217244625092 0.0796297937631607 1.9721872806549072
-0.3978736698627472 0.12674002349376678 1.9613211154937744
0.056569553911685944 -0.05902315303683281 1.828532338142395
-0.2792578339576721 0.009375525638461113 1.7763762474060059
-0.04359155148267746 -0.08438240736722946 1.7745921611785889
-0.2350456267595291 -0.007720228284597397 1.7237025499343872
65
0.17796067893505096 -0.8559601902961731 1.8916064500808716
-0.3498126268386841 -0.832377552986145 1.9397252798080444
0.1315593123435974 -0.4383849799633026 1.9891166687011719
-0.3302861154079437 -0.4351823329925537 2.0304982662200928
-0.01817282661795616 -0.2088540941476822 2.233307123184204
-0.15733972191810608 -0.20465782284736633 2.2528419494628906
0.06336625665426254 0.2577744424343109 2.0972399711608887
-0.25445234775543213 0.2670985758304596 2.1481504440307617
0.12756073474884033 0.03266572207212448 2.0171470642089844
-0.41588035225868225 0.15125329792499542 2.0656113624572754
0.011932425200939178 -0.11960210651159286 1.8859715461730957
-0.33308282494544983 0.012566249817609787 1.8480724096298218
-0.08484998345375061 -0.22747543454170227 1.8401315212249756
-0.25299280881881714 -0.059724677354097366 1.7661844491958618
66
0.17796067893505096 -0.8559601902961731 1.8916064500808716
-0.3498126268386841 -0.832377552986145 1.9397252798080444
0.1315593123435974 -0.4383849799633026 1.9891166687011719
-0.3302861154079437 -0.4351823329925537 2.0304982662200928
-0.01817282661795616 -0.2088540941476822 2.233307123184204
-0.15733972191810608 -0.20465782284736633 2.2528419494628906
0.06336625665426254 0.2577744424343109 2.0972399711608887
-0.25445234775543213 0.2670985758304596 2.1481504440307617
0.12756073474884033 0.03266572207212448 2.0171470642089844
-0.41588035225868225 0.15125329792499542 2.0656113624572754
0.011932425200939178 -0.11960210651159286 1.8859715461730957
-0.33308282494544983 0.012566249817609787 1.8480724096298218
-0.08484998345375061 -0.22747543454170227 1.8401315212249756
-0.25299280881881714 -0.059724677354097366 1.7661844491958618
67
0.17610426247119904 -0.8567397594451904 1.8976637125015259
-0.347652405500412 -0.8317758440971375 1.9452112913131714
0.1318190097808838 -0.4459270238876343 1.9969279766082764
-0.33685362339019775 -0.43833354115486145 2.0372023582458496
-0.018021218478679657 -0.20933449268341064 2.233083724975586
-0.15649209916591644 -0.2061215341091156 2.250239133834839
0.06299543380737305 0.2549850642681122 2.0988407135009766
-0.2611442804336548 0.2704480290412903 2.1466176509857178
0.12158935517072678 0.021421734243631363 2.0592586994171143
-0.41784074902534485 0.14490924775600433 2.0702028274536133
0.008471804670989513 -0.14835688471794128 1.9401512145996094
-0.3446089029312134 -0.0208299420773983 1.8762915134429932
-0.09192625433206558 -0.26804062724113464 1.890954613685608
-0.2742784917354584 -0.1252162605524063 1.846274495124817
68
0.17610426247119904 -0.8567397594451904 1.8976637125015259
-0.347652405500412 -0.8317758440971375 1.9452112913131714
0.1318190097808838 -0.4459270238876343 1.9969279766082764
-0.33685362339019775 -0.43833354115486145 2.0372023582458496
-0.018021218478679657 -0.20933449268341064 2.233083724975586
-0.15649209916591644 -0.2061215341091156 2.250239133834839
0.06299543380737305 0.2549850642681122 2.0988407135009766
-0.2611442804336548 0.2704480290412903 2.1466176509857178
0.12158935517072678 0.021421734243631363 2.0592586994171143
-0.41784074902534485 0.14490924775600433 2.0702028274536133
0.008471804670989513 -0.14835688471794128 1.9401512145996094
-0.3446089029312134 -0.0208299420773983 1.8762915134429932
-0.09192625433206558 -0.26804062724113464 1.890954613685608
-0.2742784917354584 -0.1252162605524063 1.846274495124817
69
0.17491528391838074 -0.8550010323524475 1.903806209564209
-0.3441169559955597 -0.8303796648979187 1.9523820877075195
0.12921330332756042 -0.45226573944091797 2.0062570571899414
-0.34284859895706177 -0.43996965885162354 2.045893907546997
-0.016240423545241356 -0.20735155045986176 2.2355761528015137
-0.1552935540676117 -0.20615838468074799 2.2491493225097656
0.061068400740623474 0.25949645042419434 2.102943181991577
-0.26609206199645996 0.2729265093803406 2.1437082290649414
0.11566358804702759 0.018607797101140022 2.085963726043701
-0.4173790216445923 0.1327463686466217 2.0820882320404053
0.009435594081878662 -0.15320532023906708 1.9688323736190796
-0.3438737094402313 -0.04017516225576401 1.8939859867095947
-0.08592711389064789 -0.27534613013267517 1.928514003753662
-0.2762705385684967 -0.1516922414302826 1.8674565553665161
70
0.17491528391838074 -0.8550010323524475 1.903806209564209
-0.3441169559955597 -0.8303796648979187 1.9523820877075195
0.12921330332756042 -0.45226573944091797 2.0062570571899414
-0.34284859895706177 -0.43996965885162354 2.045893907546997
-0.016240423545241356 -0.20735155045986176 2.2355761528015137
-0.1552935540676117 -0.20615838468074799 2.2491493225097656
0.061068400740623474 0.25949645042419434 2.102943181991577
-0.26609206199645996 0.2729265093803406 2.1437082290649414
0.11566358804702759 0.018607797101140022 2.085963726043701
-0.4173790216445923 0.1327463686466217 2.0820882320404053
0.009435594081878662 -0.15320532023906708 1.9688323736190796
-0.3438737094402313 -0.04017516225576401 1.8939859867095947
-0.08592711389064789 -0.27534613013267517 1.928514003753662
-0.2762705385684967 -0.1516922414302826 1.8674565553665161
71
0.17541342973709106 -0.851126492023468 1.9087040424346924
-0.3410857617855072 -0.8284429311752319 1.956374168395996
0.12395023554563522 -0.4546453058719635 2.0148391723632812
-0.3469894230365753 -0.4407232403755188 2.0511510372161865
-0.01653105765581131 -0.20439870655536652 2.2410130500793457
-0.1554582566022873 -0.20550167560577393 2.247830629348755
0.06028757989406586 0.2631186842918396 2.1079702377319336
-0.2682340443134308 0.27457332611083984 2.1411991119384766
0.1125565767288208 0.022908369079232216 2.1258773803710938
-0.42158573865890503 0.1219768226146698 2.0909264087677
0.015523906797170639 -0.14241290092468262 1.9967790842056274
-0.3475934863090515 -0.047236863523721695 1.9100346565246582
-0.07790173590183258 -0.2466152459383011 1.9526779651641846
-0.28559398651123047 -0.15734387934207916 1.8795217275619507
72
0.18010003864765167 -0.8484340906143188 1.9103294610977173
-0.334830105304718 -0.8278334140777588 1.9574676752090454
0.12233511358499527 -0.454891175031662 2.022675037384033
-0.34760206937789917 -0.44226574897766113 2.051640748977661
-0.021692713722586632 -0.20436689257621765 2.2459137439727783
-0.15789636969566345 -0.20471344888210297 2.247027635574341
0.06143364682793617 0.2659003436565399 2.1295487880706787
-0.268799751996994 0.2750631272792816 2.140829563140869
0.11330925673246384 0.027224954217672348 2.1421139240264893
-0.4218737483024597 0.11729445308446884 2.100924253463745
-0.029651319608092308 -0.16501067578792572 1.984571099281311
-0.35020479559898376 -0.04843286797404289 1.9252920150756836
-0.12985624372959137 -0.24324817955493927 1.9965572357177734
-0.2824101448059082 -0.16289383172988892 1.883620262145996
73
0.18010003864765167 -0.8484340906143188 1.9103294610977173
-0.334830105304718 -0.8278334140777588 1.9574676752090454
0.12233511358499527 -0.454891175031662 2.022675037384033
-0.34760206937789917 -0.44226574897766113 2.051640748977661
-0.021692713722586632 -0.20436689257621765 2.2459137439727783
-0.15789636969566345 -0.20471344888210297 2.247027635574341
0.06143364682793617 0.2659003436565399 2.1295487880706787
-0.268799751996994 0.2750631272792816 2.140829563140869
0.11330925673246384 0.027224954217672348 2.1421139240264893
-0.4218737483024597 0.11729445308446884 2.100924253463745
-0.029651319608092308 -0.16501067578792572 1.984571099281311
-0.35020479559898376 -0.04843286797404289 1.9252920150756836
-0.12985624372959137 -0.24324817955493927 1.9965572357177734
-0.2824101448059082 -0.16289383172988892 1.883620262145996
74
0.18139104545116425 -0.8474258184432983 1.9122024774551392
-0.3321292996406555 -0.8279037475585938 1.9576717615127563
0.1217549592256546 -0.45264872908592224 2.0255377292633057
-0.3473941683769226 -0.44517001509666443 2.0513346195220947
-0.027912840247154236 -0.20469902455806732 2.247901678085327
-0.16421419382095337 -0.20190106332302094 2.2456865310668945
0.06259533017873764 0.26653847098350525 2.136826276779175
-0.26902660727500916 0.2760719358921051 2.138507127761841
0.11774307489395142 0.03440951555967331 2.156954765319824
-0.42042243480682373 0.11339106410741806 2.1105809211730957
0.02443232573568821 -0.1191384345293045 2.0222067832946777
-0.3492468595504761 -0.04993094503879547 1.9301179647445679
-0.07025646418333054 -0.19153669476509094 1.96791672706604
-0.2752945125102997 -0.1601553112268448 1.8831926584243774
75
0.18139104545116425 -0.8474258184432983 1.9122024774551392
-0.3321292996406555 -0.8279037475585938 1.9576717615127563
0.1217549592256546 -0.45264872908592224 2.0255377292633057
-0.3473941683769226 -0.44517001509666443 2.0513346195220947
-0.027912840247154236 -0.20469902455806732 2.247901678085327
-0.16421419382095337 -0.20190106332302094 2.2456865310668945
0.06259533017873764 0.26653847098350525 2.136826276779175
-0.26902660727500916 0.2760719358921051 2.138507127761841
0.11774307489395142 0.03440951555967331 2.156954765319824
-0.42042243480682373 0.11339106410741806 2.1105809211730957
0.02443232573568821 -0.1191384345293045 2.0222067832946777
-0.3492468595504761 -0.04993094503879547 1.9301179647445679
-0.07025646418333054 -0.19153669476509094 1.96791672706604
-0.2752945125102997 -0.1601553112268448 1.8831926584243774
76
0.183272585272789 -0.8470234274864197 1.912684679031372
-0.3300579786300659 -0.8282181024551392 1.9577823877334595
0.1216365322470665 -0.4514877498149872 2.0275871753692627
-0.3453517258167267 -0.447873055934906 2.0495152473449707
-0.032063864171504974 -0.20540693402290344 2.2492265701293945
-0.16803891956806183 -0.20116592943668365 2.2451772689819336
0.06369209289550781 0.26653847098350525 2.1444761753082275
-0.269122451543808 0.2761923372745514 2.1377618312835693
0.12478958070278168 0.03551049157977104 2.1612517833709717
-0.41848382353782654 0.11075153946876526 2.116048812866211
0.06456432491540909 -0.11394466459751129 2.0179646015167236
-0.3122735023498535 -0.0720636174082756 1.9179664850234985
-0.02534206584095955 -0.15905144810676575 1.9673184156417847
-0.29371100664138794 -0.17288845777511597 1.8867193460464478
77
0.183272585272789 -0.8470234274864197 1.912684679031372
-0.3300579786300659 -0.8282181024551392 1.9577823877334595
0.1216365322470665 -0.4514877498149872 2.0275871753692627
-0.3453517258167267 -0.447873055934906 2.0495152473449707
-0.032063864171504974 -0.20540693402290344 2.2492265701293945
-0.16803891956806183 -0.20116592943668365 2.2451772689819336
0.06369209289550781 0.26653847098350525 2.1444761753082275
-0.269122451543808 0.2761923372745514 2.1377618312835693
0.12478958070278168 0.03551049157977104 2.1612517833709717
-0.41848382353782654 0.11075153946876526 2.116048812866211
0.06456432491540909 -0.11394466459751129 2.0179646015167236
-0.3122735023498535 -0.0720636174082756 1.9179664850234985
-0.02534206584095955 -0.15905144810676575 1.9673184156417847
-0.29371100664138794 -0.17288845777511597 1.8867193460464478
78
0.1845887452363968 -0.846365749835968 1.9135332107543945
-0.32819458842277527 -0.828278660774231 1.9576129913330078
0.1218540221452713 -0.4506606459617615 2.0288772583007812
-0.3449155390262604 -0.44837862253189087 2.047337770462036
-0.03412623330950737 -0.20576433837413788 2.2502245903015137
-0.16942879557609558 -0.20139123499393463 2.2445480823516846
0.06458498537540436 0.2663542926311493 2.150785446166992
-0.26917919516563416 0.27602916955947876 2.137676477432251
0.14218105375766754 0.040136780589818954 2.1662425994873047
-0.41616275906562805 0.10755626857280731 2.119992971420288
0.06791399419307709 -0.10339399427175522 2.023435592651367
-0.33588048815727234 -0.050710730254650116 1.9310966730117798
-0.01368607860058546 -0.15870366990566254 1.9618754386901855
-0.25855326652526855 -0.15345008671283722 1.875989317893982
79
0.1845887452363968 -0.846365749835968 1.9135332107543945
-0.32819458842277527 -0.828278660774231 1.9576129913330078
0.1218540221452713 -0.4506606459617615 2.0288772583007812
-0.3449155390262604 -0.44837862253189087 2.047337770462036
-0.03412623330950737 -0.20576433837413788 2.2502245903015137
-0.16942879557609558 -0.20139123499393463 2.2445480823516846
0.06458498537540436 0.2663542926311493 2.150785446166992
-0.26917919516563416 0.27602916955947876 2.137676477432251
0.14218105375766754 0.040136780589818954 2.1662425994873047
-0.41616275906562805 0.10755626857280731 2.119992971420288
0.06791399419307709 -0.10339399427175522 2.023435592651367
-0.33588048815727234 -0.050710730254650116 1.9310966730117798
-0.01368607860058546 -0.15870366990566254 1.9618754386901855
-0.25855326652526855 -0.15345008671283722 1.875989317893982
80
0.18637236952781677 -0.8460459113121033 1.914047122001648
-0.3256776034832001 -0.8282580375671387 1.9566199779510498
0.12226777523756027 -0.448411762714386 2.0308539867401123
-0.3449820876121521 -0.45092493295669556 2.044618844985962
-0.03936905413866043 -0.20657838881015778 2.251495361328125
-0.17592230439186096 -0.20079395174980164 2.2437565326690674
0.06520216166973114 0.2661220133304596 2.158170700073242
-0.26923638582229614 0.2756514251232147 2.1379234790802
0.15120762586593628 0.04204550012946129 2.1676230430603027
-0.41284191608428955 0.1050247773528099 2.121784210205078
0.07423635572195053 -0.095342718064785 2.019991636276245
-0.3357293903827667 -0.05048689991235733 1.9295289516448975
-0.0651618018746376 -0.16413025557994843 1.9435151815414429
-0.24467265605926514 -0.14500278234481812 1.8635247945785522
81
0.18637236952781677 -0.8460459113121033 1.914047122001648
-0.3256776034832001 -0.8282580375671387 1.9566199779510498
0.12226777523756027 -0.448411762714386 2.0308539867401123
-0.3449820876121521 -0.45092493295669556 2.044618844985962
-0.03936905413866043 -0.20657838881015778 2.251495361328125
-0.17592230439186096 -0.20079395174980164 2.2437565326690674
0.06520216166973114 0.2661220133304596 2.158170700073242
-0.26923638582229614 0.2756514251232147 2.1379234790802
0.15120762586593628 0.04204550012946129 2.1676230430603027
-0.41284191608428955 0.1050247773528099 2.121784210205078
0.07423635572195053 -0.095342718064785 2.019991636276245
-0.3357293903827667 -0.05048689991235733 1.9295289516448975
-0.0651618018746376 -0.16413025557994843 1.9435151815414429
-0.24467265605926514 -0.14500278234481812 1.8635247945785522
82
0.1875724047422409 -0.8452489972114563 1.9146790504455566
-0.32385656237602234 -0.8284403085708618 1.9561777114868164
0.12324541062116623 -0.44765275716781616 2.0338704586029053
-0.3449676036834717 -0.4529644548892975 2.042642831802368
-0.043620482087135315 -0.20742066204547882 2.252065420150757
-0.18090160191059113 -0.20015446841716766 2.2426998615264893
0.06588339805603027 0.26616179943084717 2.164440870285034
-0.26917681097984314 0.2758266031742096 2.1387276649475098
0.15736187994480133 0.0471171960234642 2.1683506965637207
-0.4065164029598236 0.102456234395504 2.1226184368133545
0.09019801765680313 -0.08614975959062576 2.011963367462158
-0.33522847294807434 -0.04756176099181175 1.9293186664581299
-0.03986238315701485 -0.17145226895809174 1.9318453073501587
-0.2266271859407425 -0.14433662593364716 1.8482218980789185
83
0.1875724047422409 -0.8452489972114563 1.9146790504455566
-0.32385656237602234 -0.8284403085708618 1.9561777114868164
0.12324541062116623 -0.44765275716781616 2.0338704586029053
-0.3449676036834717 -0.4529644548892975 2.042642831802368
-0.043620482087135315 -0.20742066204547882 2.252065420150757
-0.18090160191059113 -0.20015446841716766 2.2426998615264893
0.06588339805603027 0.26616179943084717 2.164440870285034
-0.26917681097984314 0.2758266031742096 2.1387276649475098
0.15736187994480133 0.0471171960234642 2.1683506965637207
-0.4065164029598236 0.102456234395504 2.1226184368133545
0.09019801765680313 -0.08614975959062576 2.011963367462158
-0.33522847294807434 -0.04756176099181175 1.9293186664581299
-0.03986238315701485 -0.17145226895809174 1.9318453073501587
-0.2266271859407425 -0.14433662593364716 1.8482218980789185
84
0.18843558430671692 -0.8444480299949646 1.9157675504684448
-0.3225131928920746 -0.828445553779602 1.9559298753738403
0.12401001155376434 -0.44828537106513977 2.0355851650238037
-0.34494781494140625 -0.4527133107185364 2.042057514190674
-0.04404435679316521 -0.20765109360218048 2.2521846294403076
-0.1807641088962555 -0.20033584535121918 2.24265718460083
0.06670591980218887 0.2666170299053192 2.1704587936401367
-0.2689967453479767 0.2764022648334503 2.1405699253082275
0.16104447841644287 0.05357590690255165 2.170300245285034
-0.39793282747268677 0.10375148802995682 2.1207730770111084
0.09870920330286026 -0.07809840142726898 2.010429620742798
-0.3325633108615875 -0.04377935826778412 1.9274245500564575
-0.022640103474259377 -0.17645733058452606 1.907225251197815
-0.2162233293056488 -0.13863536715507507 1.832502007484436
85
0.18843558430671692 -0.8444480299949646 1.9157675504684448
-0.3225131928920746 -0.828445553779602 1.9559298753738403
0.12401001155376434 -0.44828537106513977 2.0355851650238037
-0.34494781494140625 -0.4527133107185364 2.042057514190674
-0.04404435679316521 -0.20765109360218048 2.2521846294403076
-0.1807641088962555 -0.20033584535121918 2.24265718460083
0.06670591980218887 0.2666170299053192 2.1704587936401367
-0.2689967453479767 0.2764022648334503 2.1405699253082275
0.16104447841644287 0.05357590690255165 2.170300245285034
-0.39793282747268677 0.10375148802995682 2.1207730770111084
0.09870920330286026 -0.07809840142726898 2.010429620742798
-0.3325633108615875 -0.04377935826778412 1.9274245500564575
-0.022640103474259377 -0.17645733058452606 1.907225251197815
-0.2162233293056488 -0.13863536715507507 1.832502007484436
86
0.1882818341255188 -0.8430793285369873 1.9181382656097412
-0.32227787375450134 -0.8289777040481567 1.9558161497116089
0.12180294841527939 -0.44723057746887207 2.0399417877197266
-0.34101030230522156 -0.4516332149505615 2.0436246395111084
-0.04396872967481613 -0.20409418642520905 2.255335569381714
-0.18558058142662048 -0.1949312835931778 2.2461085319519043
0.06832654029130936 0.2716343402862549 2.1745176315307617
-0.2678995132446289 0.2794564664363861 2.142637014389038
0.1630822867155075 0.05732766538858414 2.1706199645996094
-0.3899296224117279 0.10572714358568192 2.1189355850219727
0.0924486443400383 -0.08590688556432724 1.971908688545227
-0.28518784046173096 -0.03779388591647148 1.8893895149230957
-0.011961167678236961 -0.18441061675548553 1.891348123550415
-0.20717155933380127 -0.13963428139686584 1.8232898712158203
87
0.1882818341255188 -0.8430793285369873 1.9181382656097412
-0.32227787375450134 -0.8289777040481567 1.9558161497116089
0.12180294841527939 -0.44723057746887207 2.0399417877197266
-0.34101030230522156 -0.4516332149505615 2.0436246395111084
-0.04396872967481613 -0.20409418642520905 2.255335569381714
-0.18558058142662048 -0.1949312835931778 2.2461085319519043
0.06832654029130936 0.2716343402862549 2.1745176315307617
-0.2678995132446289 0.2794564664363861 2.142637014389038
0.1630822867155075 0.05732766538858414 2.1706199645996094
-0.3899296224117279 0.10572714358568192 2.1189355850219727
0.0924486443400383 -0.08590688556432724 1.971908688545227
-0.28518784046173096 -0.03779388591647148 1.8893895149230957
-0.011961167678236961 -0.18441061675548553 1.891348123550415
-0.20717155933380127 -0.13963428139686584 1.8232898712158203
88
0.18719005584716797 -0.8428547978401184 1.919865369796753
-0.3224872350692749 -0.8298389315605164 1.9562606811523438
0.12037001550197601 -0.4484843313694 2.0432896614074707
-0.3414117395877838 -0.45136529207229614 2.0448973178863525
-0.04323672503232956 -0.2028491497039795 2.2572553157806396
-0.18614357709884644 -0.19418737292289734 2.24680757522583
0.0683479756116867 0.2716692388057709 2.1742570400238037
-0.26665571331977844 0.2827208936214447 2.1447291374206543
0.16174864768981934 0.06453702598810196 2.1740598678588867
-0.38422679901123047 0.10688956081867218 2.1150317192077637
0.09311743825674057 -0.08545558899641037 1.971193790435791
-0.2773049771785736 -0.03804950788617134 1.8874222040176392
0.015547449700534344 -0.1865193396806717 1.8769750595092773
-0.18997853994369507 -0.12758086621761322 1.8131521940231323
89
0.18719005584716797 -0.8428547978401184 1.919865369796753
-0.3224872350692749 -0.8298389315605164 1.9562606811523438
0.12037001550197601 -0.4484843313694 2.0432896614074707
-0.3414117395877838 -0.45136529207229614 2.0448973178863525
-0.04323672503232956 -0.2028491497039795 2.2572553157806396
-0.18614357709884644 -0.19418737292289734 2.24680757522583
0.0683479756116867 0.2716692388057709 2.1742570400238037
-0.26665571331977844 0.2827208936214447 2.1447291374206543
0.16174864768981934 0.06453702598810196 2.1740598678588867
-0.38422679901123047 0.10688956081867218 2.1150317192077637
0.09311743825674057 -0.08545558899641037 1.971193790435791
-0.2773049771785736 -0.03804950788617134 1.8874222040176392
0.015547449700534344 -0.1865193396806717 1.8769750595092773
-0.18997853994369507 -0.12758086621761322 1.8131521940231323
90
0.1876870095729828 -0.842709481716156 1.9217798709869385
-0.32103827595710754 -0.829908549785614 1.957351565361023
0.11995691806077957 -0.448625773191452 2.0469424724578857
-0.34229132533073425 -0.451090544462204 2.0468151569366455
-0.04429265856742859 -0.20178785920143127 2.258700370788574
-0.18654710054397583 -0.19333375990390778 2.247391700744629
0.07056121528148651 0.27542540431022644 2.1789908409118652
-0.26511913537979126 0.28606146574020386 2.1456379890441895
0.16130363941192627 0.06731446832418442 2.176530361175537
-0.3770637810230255 0.10793925076723099 2.111652374267578
0.105159692466259 -0.07064954191446304 1.9771745204925537
-0.2766796052455902 -0.02852010540664196 1.8941313028335571
0.03453690931200981 -0.18526849150657654 1.867967963218689
-0.17026637494564056 -0.11332517862319946 1.810533881187439
91
0.1876870095729828 -0.842709481716156 1.9217798709869385
-0.32103827595710754 -0.829908549785614 1.957351565361023
0.11995691806077957 -0.448625773191452 2.0469424724578857
-0.34229132533073425 -0.451090544462204 2.0468151569366455
-0.04429265856742859 -0.20178785920143127 2.258700370788574
-0.18654710054397583 -0.19333375990390778 2.247391700744629
0.07056121528148651 0.27542540431022644 2.1789908409118652
-0.26511913537979126 0.28606146574020386 2.1456379890441895
0.16130363941192627 0.06731446832418442 2.176530361175537
-0.3770637810230255 0.10793925076723099 2.111652374267578
0.105159692466259 -0.07064954191446304 1.9771745204925537
-0.2766796052455902 -0.02852010540664196 1.8941313028335571
0.03453690931200981 -0.18526849150657654 1.867967963218689
-0.17026637494564056 -0.11332517862319946 1.810533881187439
92
0.18809224665164948 -0.8422214388847351 1.9225698709487915
-0.31999921798706055 -0.8298677802085876 1.9577969312667847
0.11874019354581833 -0.44752955436706543 2.0490641593933105
-0.34340834617614746 -0.449100136756897 2.0483171939849854
-0.04298664629459381 -0.19993650913238525 2.262040853500366
-0.18588757514953613 -0.1921258121728897 2.24843692779541
0.07172723859548569 0.27626699209213257 2.1815080642700195
-0.2634720504283905 0.287725031375885 2.1461668014526367
0.16102486848831177 0.06964288651943207 2.1801977157592773
-0.3714808523654938 0.10545957088470459 2.1074447631835938
0.10922642797231674 -0.06732010841369629 1.9783231019973755
-0.2858956456184387 0.005578112788498402 1.9346098899841309
0.04716050252318382 -0.177684023976326 1.8650399446487427
-0.15450598299503326 -0.10043255984783173 1.8100348711013794
