0
-0.053313594311475754 -1.0684524774551392 2.2787997722625732
-0.12031823396682739 -1.0647889375686646 2.2936646938323975
-0.06158749386668205 -0.7103797793388367 2.3989226818084717
-0.1379280388355255 -0.698927104473114 2.4064269065856934
-0.03204604610800743 -0.28994572162628174 2.452282190322876
-0.17564089596271515 -0.2943127155303955 2.4578537940979004
0.05464019253849983 0.19391341507434845 2.5400326251983643
-0.2649989128112793 0.18398822844028473 2.538177251815796
0.11918411403894424 -0.06400331109762192 2.5359854698181152
-0.31152382493019104 -0.06910982728004456 2.524474859237671
0.16067057847976685 -0.2680290937423706 2.4552090167999268
-0.3111695647239685 -0.3019527792930603 2.4256153106689453
0.17427782714366913 -0.4073128402233124 2.3836464881896973
-0.2849193215370178 -0.4292744994163513 2.3961544036865234
1
-0.05331818386912346 -1.0685826539993286 2.277721643447876
-0.11938506364822388 -1.0650215148925781 2.293283462524414
-0.06171141192317009 -0.7107508778572083 2.39886212348938
-0.13791529834270477 -0.6989219188690186 2.406421184539795
-0.032214656472206116 -0.2899240255355835 2.452086925506592
-0.17575117945671082 -0.2943258583545685 2.4577152729034424
0.05470415949821472 0.1942334920167923 2.5394794940948486
-0.26477089524269104 0.1840183287858963 2.537585735321045
0.11954900622367859 -0.06398916989564896 2.5348691940307617
-0.3112035095691681 -0.06925556808710098 2.5240836143493652
0.16056476533412933 -0.26728466153144836 2.4533441066741943
-0.3124789595603943 -0.29400283098220825 2.428260087966919
0.17291595041751862 -0.40442562103271484 2.381215810775757
-0.283392071723938 -0.42713141441345215 2.3962645530700684
2
-0.05331818386912346 -1.0685826539993286 2.277721643447876
-0.11938506364822388 -1.0650215148925781 2.293283462524414
-0.06171141192317009 -0.7107508778572083 2.39886212348938
-0.13791529834270477 -0.6989219188690186 2.406421184539795
-0.032214656472206116 -0.2899240255355835 2.452086925506592
-0.17575117945671082 -0.2943258583545685 2.4577152729034424
0.05470415949821472 0.1942334920167923 2.5394794940948486
-0.26477089524269104 0.1840183287858963 2.537585735321045
0.11954900622367859 -0.06398916989564896 2.5348691940307617
-0.3112035095691681 -0.06925556808710098 2.5240836143493652
0.16056476533412933 -0.26728466153144836 2.4533441066741943
-0.3124789595603943 -0.29400283098220825 2.428260087966919
0.17291595041751862 -0.40442562103271484 2.381215810775757
-0.283392071723938 -0.42713141441345215 2.3962645530700684
3
-0.05308854952454567 -1.0682902336120605 2.277505397796631
-0.1194482296705246 -1.065101146697998 2.2931530475616455
-0.06178412586450577 -0.7102680206298828 2.3985960483551025
-0.1377314329147339 -0.6989424228668213 2.4060251712799072
-0.0319058932363987 -0.28953444957733154 2.451387643814087
-0.17561271786689758 -0.29425254464149475 2.457519769668579
0.054836466908454895 0.19517782330513 2.538822650909424
-0.26480579376220703 0.18379099667072296 2.53737211227417
0.11972761154174805 -0.06348109990358353 2.5334582328796387
-0.3109458386898041 -0.06986761093139648 2.5233190059661865
0.16049635410308838 -0.266763299703598 2.4521379470825195
-0.3099701404571533 -0.3019602596759796 2.4253461360931396
0.17026247084140778 -0.4051426947116852 2.380349636077881
-0.2831415832042694 -0.42676475644111633 2.394193172454834
4
-0.05308854952454567 -1.0682902336120605 2.277505397796631
-0.1194482296705246 -1.065101146697998 2.2931530475616455
-0.06178412586450577 -0.7102680206298828 2.3985960483551025
-0.1377314329147339 -0.6989424228668213 2.4060251712799072
-0.0319058932363987 -0.28953444957733154 2.451387643814087
-0.17561271786689758 -0.29425254464149475 2.457519769668579
0.054836466908454895 0.19517782330513 2.538822650909424
-0.26480579376220703 0.18379099667072296 2.53737211227417
0.11972761154174805 -0.06348109990358353 2.5334582328796387
-0.3109458386898041 -0.06986761093139648 2.5233190059661865
0.16049635410308838 -0.266763299703598 2.4521379470825195
-0.3099701404571533 -0.3019602596759796 2.4253461360931396
0.17026247084140778 -0.4051426947116852 2.380349636077881
-0.2831415832042694 -0.42676475644111633 2.394193172454834
5
-0.05302009731531143 -1.0680631399154663 2.2781922817230225
-0.1194043755531311 -1.065081000328064 2.293147325515747
-0.06191614642739296 -0.7105809450149536 2.398566961288452
-0.13750745356082916 -0.6987576484680176 2.405874252319336
-0.03182102367281914 -0.2890447974205017 2.450571060180664
-0.17555519938468933 -0.29412850737571716 2.4573652744293213
0.05484667047858238 0.19584961235523224 2.5375287532806396
-0.2647995948791504 0.18394877016544342 2.5372025966644287
0.11976364254951477 -0.0634268969297409 2.5332894325256348
-0.31080907583236694 -0.06997309625148773 2.5232768058776855
0.16043706238269806 -0.26581481099128723 2.4510929584503174
-0.3121000826358795 -0.29401201009750366 2.4281346797943115
0.16830463707447052 -0.4056663513183594 2.3834168910980225
-0.2842380106449127 -0.4314787685871124 2.3954029083251953
6
-0.05302009731531143 -1.0680631399154663 2.2781922817230225
-0.1194043755531311 -1.065081000328064 2.293147325515747
-0.06191614642739296 -0.7105809450149536 2.398566961288452
-0.13750745356082916 -0.6987576484680176 2.405874252319336
-0.03182102367281914 -0.2890447974205017 2.450571060180664
-0.17555519938468933 -0.29412850737571716 2.4573652744293213
0.05484667047858238 0.19584961235523224 2.5375287532806396
-0.2647995948791504 0.18394877016544342 2.5372025966644287
0.11976364254951477 -0.0634268969297409 2.5332894325256348
-0.31080907583236694 -0.06997309625148773 2.5232768058776855
0.16043706238269806 -0.26581481099128723 2.4510929584503174
-0.3121000826358795 -0.29401201009750366 2.4281346797943115
0.16830463707447052 -0.4056663513183594 2.3834168910980225
-0.2842380106449127 -0.4314787685871124 2.3954029083251953
7
-0.05299494415521622 -1.0681480169296265 2.2783961296081543
-0.12249605357646942 -1.0636093616485596 2.294142723083496
-0.06181493401527405 -0.7108190059661865 2.398387908935547
-0.136785089969635 -0.6983252763748169 2.4053611755371094
-0.03177801892161369 -0.28897422552108765 2.4501521587371826
-0.1755172163248062 -0.294180691242218 2.4571423530578613
0.05496184155344963 0.19599859416484833 2.536715269088745
-0.2653404474258423 0.18327289819717407 2.537153720855713
0.11991167813539505 -0.06331223994493484 2.53283429145813
-0.3106076419353485 -0.07027263939380646 2.5230329036712646
0.1587037295103073 -0.2690141499042511 2.4475889205932617
-0.3108610510826111 -0.3018907904624939 2.4253346920013428
0.1604274958372116 -0.4114164710044861 2.3791470527648926
-0.2879529893398285 -0.4291287660598755 2.39780330657959
8
-0.05299494415521622 -1.0681480169296265 2.2783961296081543
-0.12249605357646942 -1.0636093616485596 2.294142723083496
-0.06181493401527405 -0.7108190059661865 2.398387908935547
-0.136785089969635 -0.6983252763748169 2.4053611755371094
-0.03177801892161369 -0.28897422552108765 2.4501521587371826
-0.1755172163248062 -0.294180691242218 2.4571423530578613
0.05496184155344963 0.19599859416484833 2.536715269088745
-0.2653404474258423 0.18327289819717407 2.537153720855713
0.11991167813539505 -0.06331223994493484 2.53283429145813
-0.3106076419353485 -0.07027263939380646 2.5230329036712646
0.1587037295103073 -0.2690141499042511 2.4475889205932617
-0.3108610510826111 -0.3018907904624939 2.4253346920013428
0.1604274958372116 -0.4114164710044861 2.3791470527648926
-0.2879529893398285 -0.4291287660598755 2.39780330657959
9
-0.05292446166276932 -1.0673085451126099 2.2791104316711426
-0.12155219912528992 -1.0637425184249878 2.2933409214019775
-0.06188634783029556 -0.7108608484268188 2.3983826637268066
-0.13588660955429077 -0.6977724432945251 2.404884099960327
-0.03171322122216225 -0.2889343500137329 2.4498229026794434
-0.17548877000808716 -0.29419249296188354 2.45693039894104
0.05507633462548256 0.19598545134067535 2.5361030101776123
-0.26532304286956787 0.18327781558036804 2.53704833984375
0.11990278959274292 -0.06316901743412018 2.5326972007751465
-0.3104565441608429 -0.07045071572065353 2.5230038166046143
0.15747594833374023 -0.2676454484462738 2.4468705654144287
-0.31238916516304016 -0.2916542887687683 2.429415464401245
0.16013586521148682 -0.4044514000415802 2.378549337387085
-0.2843156158924103 -0.42755499482154846 2.3958678245544434
10
-0.05292446166276932 -1.0673085451126099 2.2791104316711426
-0.12155219912528992 -1.0637425184249878 2.2933409214019775
-0.06188634783029556 -0.7108608484268188 2.3983826637268066
-0.13588660955429077 -0.6977724432945251 2.404884099960327
-0.03171322122216225 -0.2889343500137329 2.4498229026794434
-0.17548877000808716 -0.29419249296188354 2.45693039894104
0.05507633462548256 0.19598545134067535 2.5361030101776123
-0.26532304286956787 0.18327781558036804 2.53704833984375
0.11990278959274292 -0.06316901743412018 2.5326972007751465
-0.3104565441608429 -0.07045071572065353 2.5230038166046143
0.15747594833374023 -0.2676454484462738 2.4468705654144287
-0.31238916516304016 -0.2916542887687683 2.429415464401245
0.16013586521148682 -0.4044514000415802 2.378549337387085
-0.2843156158924103 -0.42755499482154846 2.3958678245544434
11
-0.05216251686215401 -1.0671931505203247 2.279384136199951
-0.12298733741044998 -1.0626850128173828 2.2944679260253906
-0.061878006905317307 -0.7108718752861023 2.3982951641082764
-0.13563095033168793 -0.6974433064460754 2.404818296432495
-0.031480222940444946 -0.2889019846916199 2.4493603706359863
-0.17527751624584198 -0.29429125785827637 2.4565939903259277
0.05511191114783287 0.1960490196943283 2.5359199047088623
-0.2654955983161926 0.18297411501407623 2.536614179611206
0.11992507427930832 -0.06308439373970032 2.5325896739959717
-0.3103623390197754 -0.07057416439056396 2.523096799850464
0.15703211724758148 -0.2668284773826599 2.446120262145996
-0.31274351477622986 -0.28900301456451416 2.4305191040039062
0.16086329519748688 -0.4052717983722687 2.38336181640625
-0.2873918414115906 -0.42627835273742676 2.3955721855163574
12
-0.05216251686215401 -1.0671931505203247 2.279384136199951
-0.12298733741044998 -1.0626850128173828 2.2944679260253906
-0.061878006905317307 -0.7108718752861023 2.3982951641082764
-0.13563095033168793 -0.6974433064460754 2.404818296432495
-0.031480222940444946 -0.2889019846916199 2.4493603706359863
-0.17527751624584198 -0.29429125785827637 2.4565939903259277
0.05511191114783287 0.1960490196943283 2.5359199047088623
-0.2654955983161926 0.18297411501407623 2.536614179611206
0.11992507427930832 -0.06308439373970032 2.5325896739959717
-0.3103623390197754 -0.07057416439056396 2.523096799850464
0.15703211724758148 -0.2668284773826599 2.446120262145996
-0.31274351477622986 -0.28900301456451416 2.4305191040039062
0.16086329519748688 -0.4052717983722687 2.38336181640625
-0.2873918414115906 -0.42627835273742676 2.3955721855163574
13
-0.05245286971330643 -1.0677950382232666 2.2802324295043945
-0.12276338040828705 -1.0628471374511719 2.294151544570923
-0.061885152012109756 -0.710813581943512 2.3982019424438477
-0.13570517301559448 -0.6971456408500671 2.4043262004852295
-0.03137419372797012 -0.2887512743473053 2.4489753246307373
-0.17519916594028473 -0.2942427396774292 2.4563300609588623
0.0550476536154747 0.1963697224855423 2.5356736183166504
-0.26515665650367737 0.1831449270248413 2.5364584922790527
0.11994937062263489 -0.06269528716802597 2.5325911045074463
-0.3103535771369934 -0.07061316817998886 2.5231499671936035
0.15619976818561554 -0.2696245014667511 2.443276882171631
-0.31036072969436646 -0.30060112476348877 2.4264097213745117
0.1552310734987259 -0.4112563729286194 2.3803648948669434
-0.27524957060813904 -0.43281519412994385 2.3952066898345947
14
-0.05245286971330643 -1.0677950382232666 2.2802324295043945
-0.12276338040828705 -1.0628471374511719 2.294151544570923
-0.061885152012109756 -0.710813581943512 2.3982019424438477
-0.13570517301559448 -0.6971456408500671 2.4043262004852295
-0.03137419372797012 -0.2887512743473053 2.4489753246307373
-0.17519916594028473 -0.2942427396774292 2.4563300609588623
0.0550476536154747 0.1963697224855423 2.5356736183166504
-0.26515665650367737 0.1831449270248413 2.5364584922790527
0.11994937062263489 -0.06269528716802597 2.5325911045074463
-0.3103535771369934 -0.07061316817998886 2.5231499671936035
0.15619976818561554 -0.2696245014667511 2.443276882171631
-0.31036072969436646 -0.30060112476348877 2.4264097213745117
0.1552310734987259 -0.4112563729286194 2.3803648948669434
-0.27524957060813904 -0.43281519412994385 2.3952066898345947
15
-0.05234278365969658 -1.0677212476730347 2.2801828384399414
-0.11816094815731049 -1.0639731884002686 2.29254150390625
-0.062108200043439865 -0.7108357548713684 2.3980650901794434
-0.13593634963035583 -0.6968814730644226 2.40413761138916
-0.03092963993549347 -0.288559228181839 2.448728561401367
-0.1748027503490448 -0.2941972613334656 2.4563117027282715
0.05509288236498833 0.1965378075838089 2.535248041152954
-0.2651153802871704 0.18319900333881378 2.536388874053955
0.11998683214187622 -0.06256157904863358 2.5327093601226807
-0.3102996349334717 -0.07077515870332718 2.5237371921539307
0.15473197400569916 -0.26672014594078064 2.4419076442718506
-0.31005728244781494 -0.30263492465019226 2.4253101348876953
0.1542852222919464 -0.4082777500152588 2.3781778812408447
-0.27817481756210327 -0.4312616288661957 2.396531820297241
16
-0.05234278365969658 -1.0677212476730347 2.2801828384399414
-0.11816094815731049 -1.0639731884002686 2.29254150390625
-0.062108200043439865 -0.7108357548713684 2.3980650901794434
-0.13593634963035583 -0.6968814730644226 2.40413761138916
-0.03092963993549347 -0.288559228181839 2.448728561401367
-0.1748027503490448 -0.2941972613334656 2.4563117027282715
0.05509288236498833 0.1965378075838089 2.535248041152954
-0.2651153802871704 0.18319900333881378 2.536388874053955
0.11998683214187622 -0.06256157904863358 2.5327093601226807
-0.3102996349334717 -0.07077515870332718 2.5237371921539307
0.15473197400569916 -0.26672014594078064 2.4419076442718506
-0.31005728244781494 -0.30263492465019226 2.4253101348876953
0.1542852222919464 -0.4082777500152588 2.3781778812408447
-0.27817481756210327 -0.4312616288661957 2.396531820297241
17
-0.052451133728027344 -1.067629337310791 2.279984474182129
-0.11982207000255585 -1.065045952796936 2.292236328125
-0.062224362045526505 -0.7109454274177551 2.397955894470215
-0.136128768324852 -0.6967943906784058 2.4037845134735107
-0.030759619548916817 -0.28848233819007874 2.448413372039795
-0.17467465996742249 -0.2941668927669525 2.4560320377349854
0.05518510937690735 0.19666621088981628 2.5348949432373047
-0.264980673789978 0.18338888883590698 2.5362813472747803
0.12018638849258423 -0.062175363302230835 2.5328872203826904
-0.31019601225852966 -0.07109305262565613 2.524264097213745
0.15205098688602448 -0.2620683014392853 2.4392504692077637
-0.30906349420547485 -0.30432042479515076 2.4234836101531982
0.15536244213581085 -0.4062786400318146 2.3679847717285156
-0.27636072039604187 -0.42599594593048096 2.3934121131896973
18
-0.052451133728027344 -1.067629337310791 2.279984474182129
-0.11982207000255585 -1.065045952796936 2.292236328125
-0.062224362045526505 -0.7109454274177551 2.397955894470215
-0.136128768324852 -0.6967943906784058 2.4037845134735107
-0.030759619548916817 -0.28848233819007874 2.448413372039795
-0.17467465996742249 -0.2941668927669525 2.4560320377349854
0.05518510937690735 0.19666621088981628 2.5348949432373047
-0.264980673789978 0.18338888883590698 2.5362813472747803
0.12018638849258423 -0.062175363302230835 2.5328872203826904
-0.31019601225852966 -0.07109305262565613 2.524264097213745
0.15205098688602448 -0.2620683014392853 2.4392504692077637
-0.30906349420547485 -0.30432042479515076 2.4234836101531982
0.15536244213581085 -0.4062786400318146 2.3679847717285156
-0.27636072039604187 -0.42599594593048096 2.3934121131896973
19
-0.05228018760681152 -1.0701642036437988 2.2849888801574707
-0.11990451067686081 -1.064969778060913 2.2922720909118652
-0.06236032769083977 -0.7109206318855286 2.3976681232452393
-0.13744157552719116 -0.6964079141616821 2.402776002883911
-0.03037639893591404 -0.2884312868118286 2.448153495788574
-0.17431998252868652 -0.29427191615104675 2.455533266067505
0.05532822012901306 0.19660155475139618 2.534593105316162
-0.2650635242462158 0.18318921327590942 2.535999059677124
0.12086768448352814 -0.06008348613977432 2.5341343879699707
-0.31047073006629944 -0.07129897177219391 2.525618553161621
0.15078648924827576 -0.25892847776412964 2.4358885288238525
-0.30767858028411865 -0.3056286871433258 2.4197425842285156
0.15866494178771973 -0.39391401410102844 2.349292755126953
-0.2784305214881897 -0.41635793447494507 2.3811047077178955
20
-0.05228018760681152 -1.0701642036437988 2.2849888801574707
-0.11990451067686081 -1.064969778060913 2.2922720909118652
-0.06236032769083977 -0.7109206318855286 2.3976681232452393
-0.13744157552719116 -0.6964079141616821 2.402776002883911
-0.03037639893591404 -0.2884312868118286 2.448153495788574
-0.17431998252868652 -0.29427191615104675 2.455533266067505
0.05532822012901306 0.19660155475139618 2.534593105316162
-0.2650635242462158 0.18318921327590942 2.535999059677124
0.12086768448352814 -0.06008348613977432 2.5341343879699707
-0.31047073006629944 -0.07129897177219391 2.525618553161621
0.15078648924827576 -0.25892847776412964 2.4358885288238525
-0.30767858028411865 -0.3056286871433258 2.4197425842285156
0.15866494178771973 -0.39391401410102844 2.349292755126953
-0.2784305214881897 -0.41635793447494507 2.3811047077178955
21
-0.05179193243384361 -1.0696759223937988 2.2845029830932617
-0.11565352231264114 -1.0657496452331543 2.2893412113189697
-0.062205709517002106 -0.711178719997406 2.397050380706787
-0.13727393746376038 -0.6963858008384705 2.402343273162842
-0.029977865517139435 -0.2881392538547516 2.4478373527526855
-0.17401866614818573 -0.29418545961380005 2.455271005630493
0.05522632598876953 0.19688358902931213 2.533967971801758
-0.2647801637649536 0.18371404707431793 2.5358760356903076
0.12067727744579315 -0.0557759664952755 2.5383317470550537
-0.31101468205451965 -0.07150861620903015 2.5298984050750732
0.14759482443332672 -0.25052183866500854 2.4306933879852295
-0.3003082573413849 -0.3073836863040924 2.4104974269866943
0.17489856481552124 -0.37606632709503174 2.32635498046875
-0.2730622887611389 -0.40152260661125183 2.363513469696045
22
-0.05179193243384361 -1.0696759223937988 2.2845029830932617
-0.11565352231264114 -1.0657496452331543 2.2893412113189697
-0.062205709517002106 -0.711178719997406 2.397050380706787
-0.13727393746376038 -0.6963858008384705 2.402343273162842
-0.029977865517139435 -0.2881392538547516 2.4478373527526855
-0.17401866614818573 -0.29418545961380005 2.455271005630493
0.05522632598876953 0.19688358902931213 2.533967971801758
-0.2647801637649536 0.18371404707431793 2.5358760356903076
0.12067727744579315 -0.0557759664952755 2.5383317470550537
-0.31101468205451965 -0.07150861620903015 2.5298984050750732
0.14759482443332672 -0.25052183866500854 2.4306933879852295
-0.3003082573413849 -0.3073836863040924 2.4104974269866943
0.17489856481552124 -0.37606632709503174 2.32635498046875
-0.2730622887611389 -0.40152260661125183 2.363513469696045
23
-0.0507674515247345 -1.0700621604919434 2.284309148788452
-0.113205187022686 -1.0656732320785522 2.287874460220337
-0.06224379688501358 -0.7104067802429199 2.394721508026123
-0.1365409791469574 -0.6930789947509766 2.40071964263916
-0.029382580891251564 -0.2878335416316986 2.447937488555908
-0.1734967678785324 -0.2938013970851898 2.4553966522216797
0.05528464540839195 0.19707302749156952 2.533492088317871
-0.26485395431518555 0.18388783931732178 2.5358128547668457
0.11836300790309906 -0.04188726842403412 2.5474112033843994
-0.31358009576797485 -0.06600601226091385 2.536797046661377
0.13884949684143066 -0.22909574210643768 2.4259066581726074
-0.28489693999290466 -0.3023112416267395 2.402348279953003
0.17188969254493713 -0.32986214756965637 2.2850327491760254
-0.2738659083843231 -0.3784123957157135 2.3408899307250977
24
-0.0507674515247345 -1.0700621604919434 2.284309148788452
-0.113205187022686 -1.0656732320785522 2.287874460220337
-0.06224379688501358 -0.7104067802429199 2.394721508026123
-0.1365409791469574 -0.6930789947509766 2.40071964263916
-0.029382580891251564 -0.2878335416316986 2.447937488555908
-0.1734967678785324 -0.2938013970851898 2.4553966522216797
0.05528464540839195 0.19707302749156952 2.533492088317871
-0.26485395431518555 0.18388783931732178 2.5358128547668457
0.11836300790309906 -0.04188726842403412 2.5474112033843994
-0.31358009576797485 -0.06600601226091385 2.536797046661377
0.13884949684143066 -0.22909574210643768 2.4259066581726074
-0.28489693999290466 -0.3023112416267395 2.402348279953003
0.17188969254493713 -0.32986214756965637 2.2850327491760254
-0.2738659083843231 -0.3784123957157135 2.3408899307250977
25
-0.05651771277189255 -1.0698052644729614 2.281844139099121
-0.11388152092695236 -1.06564462184906 2.2880141735076904
-0.06579983234405518 -0.7082949876785278 2.3873543739318848
-0.13625210523605347 -0.6931881904602051 2.3993148803710938
-0.0287461057305336 -0.28739306330680847 2.448354959487915
-0.1730441004037857 -0.2936701774597168 2.455306053161621
0.05519399046897888 0.19722847640514374 2.5331013202667236
-0.26498618721961975 0.1841004490852356 2.53574538230896
0.1166105642914772 -0.0364760123193264 2.5522377490997314
-0.31554585695266724 -0.059218741953372955 2.547333002090454
0.129909485578537 -0.2181825339794159 2.4208824634552
-0.27877455949783325 -0.29714834690093994 2.397965669631958
0.16765570640563965 -0.2534164488315582 2.2900915145874023
-0.2723241448402405 -0.3265589773654938 2.311706781387329
26
-0.05651771277189255 -1.0698052644729614 2.281844139099121
-0.11388152092695236 -1.06564462184906 2.2880141735076904
-0.06579983234405518 -0.7082949876785278 2.3873543739318848
-0.13625210523605347 -0.6931881904602051 2.3993148803710938
-0.0287461057305336 -0.28739306330680847 2.448354959487915
-0.1730441004037857 -0.2936701774597168 2.455306053161621
0.05519399046897888 0.19722847640514374 2.5331013202667236
-0.26498618721961975 0.1841004490852356 2.53574538230896
0.1166105642914772 -0.0364760123193264 2.5522377490997314
-0.31554585695266724 -0.059218741953372955 2.547333002090454
0.129909485578537 -0.2181825339794159 2.4208824634552
-0.27877455949783325 -0.29714834690093994 2.397965669631958
0.16765570640563965 -0.2534164488315582 2.2900915145874023
-0.2723241448402405 -0.3265589773654938 2.311706781387329
27
-0.056967392563819885 -1.0699501037597656 2.2817862033843994
-0.11469616740942001 -1.0653437376022339 2.28843092918396
-0.06965450942516327 -0.7038041353225708 2.37443470954895
-0.1410445123910904 -0.6850538849830627 2.395378589630127
-0.027975264936685562 -0.2873722016811371 2.449256181716919
-0.1724177598953247 -0.29333093762397766 2.4559624195098877
0.054554130882024765 0.1977001279592514 2.531726598739624
-0.26474857330322266 0.18467795848846436 2.5354115962982178
0.11495571583509445 -0.034000054001808167 2.554980516433716
-0.3175470232963562 -0.04728015884757042 2.556218147277832
0.11355698108673096 -0.2127082347869873 2.418485641479492
-0.27421626448631287 -0.24030911922454834 2.4038310050964355
0.12017738074064255 -0.22324644029140472 2.308628797531128
-0.2662712633609772 -0.26058951020240784 2.2769923210144043
28
-0.056967392563819885 -1.0699501037597656 2.2817862033843994
-0.11469616740942001 -1.0653437376022339 2.28843092918396
-0.06965450942516327 -0.7038041353225708 2.37443470954895
-0.1410445123910904 -0.6850538849830627 2.395378589630127
-0.027975264936685562 -0.2873722016811371 2.449256181716919
-0.1724177598953247 -0.29333093762397766 2.4559624195098877
0.054554130882024765 0.1977001279592514 2.531726598739624
-0.26474857330322266 0.18467795848846436 2.5354115962982178
0.11495571583509445 -0.034000054001808167 2.554980516433716
-0.3175470232963562 -0.04728015884757042 2.556218147277832
0.11355698108673096 -0.2127082347869873 2.418485641479492
-0.27421626448631287 -0.24030911922454834 2.4038310050964355
0.12017738074064255 -0.22324644029140472 2.308628797531128
-0.2662712633609772 -0.26058951020240784 2.2769923210144043
29
-0.057343654334545135 -1.0693976879119873 2.279569387435913
-0.11336801946163177 -1.0656899213790894 2.288869619369507
-0.07526536285877228 -0.7058802247047424 2.35886549949646
-0.14321738481521606 -0.6821423172950745 2.393444538116455
-0.027068575844168663 -0.2895127236843109 2.4518022537231445
-0.17200951278209686 -0.29368582367897034 2.456627607345581
0.05415010824799538 0.1961202174425125 2.53044056892395
-0.26463282108306885 0.18475612998008728 2.5352489948272705
0.11242574453353882 -0.03312931954860687 2.5552289485931396
-0.31948861479759216 -0.04291205853223801 2.5579428672790527
0.13715356588363647 -0.1591080129146576 2.344438076019287
-0.2685260772705078 -0.17621859908103943 2.38173508644104
0.1744885891675949 -0.10837488621473312 2.2798776626586914
-0.27166932821273804 -0.19352726638317108 2.276315689086914
30
-0.057343654334545135 -1.0693976879119873 2.279569387435913
-0.11336801946163177 -1.0656899213790894 2.288869619369507
-0.07526536285877228 -0.7058802247047424 2.35886549949646
-0.14321738481521606 -0.6821423172950745 2.393444538116455
-0.027068575844168663 -0.2895127236843109 2.4518022537231445
-0.17200951278209686 -0.29368582367897034 2.456627607345581
0.05415010824799538 0.1961202174425125 2.53044056892395
-0.26463282108306885 0.18475612998008728 2.5352489948272705
0.11242574453353882 -0.03312931954860687 2.5552289485931396
-0.31948861479759216 -0.04291205853223801 2.5579428672790527
0.13715356588363647 -0.1591080129146576 2.344438076019287
-0.2685260772705078 -0.17621859908103943 2.38173508644104
0.1744885891675949 -0.10837488621473312 2.2798776626586914
-0.27166932821273804 -0.19352726638317108 2.276315689086914
31
-0.05748685449361801 -1.068657398223877 2.276602268218994
-0.13747254014015198 -1.0081652402877808 2.2411370277404785
-0.0753570944070816 -0.7042189240455627 2.3419268131256104
-0.14528845250606537 -0.6829970479011536 2.3905439376831055
-0.024618227034807205 -0.2951987087726593 2.455517530441284
-0.17042355239391327 -0.29876354336738586 2.459434986114502
0.05124487355351448 0.18621215224266052 2.524169445037842
-0.2648472487926483 0.18298915028572083 2.5344080924987793
0.10626422613859177 -0.03047378547489643 2.55177903175354
-0.32129746675491333 -0.041713647544384 2.557493209838867
0.13691604137420654 -0.09762977063655853 2.3327531814575195
-0.25849834084510803 -0.14454200863838196 2.3541107177734375
0.18103058636188507 -0.05179769918322563 2.259913206100464
-0.25197139382362366 -0.10827112942934036 2.279703378677368
32
-0.05748685449361801 -1.068657398223877 2.276602268218994
-0.13747254014015198 -1.0081652402877808 2.2411370277404785
-0.0753570944070816 -0.7042189240455627 2.3419268131256104
-0.14528845250606537 -0.6829970479011536 2.3905439376831055
-0.024618227034807205 -0.2951987087726593 2.455517530441284
-0.17042355239391327 -0.29876354336738586 2.459434986114502
0.05124487355351448 0.18621215224266052 2.524169445037842
-0.2648472487926483 0.18298915028572083 2.5344080924987793
0.10626422613859177 -0.03047378547489643 2.55177903175354
-0.32129746675491333 -0.041713647544384 2.557493209838867
0.13691604137420654 -0.09762977063655853 2.3327531814575195
-0.25849834084510803 -0.14454200863838196 2.3541107177734375
0.18103058636188507 -0.05179769918322563 2.259913206100464
-0.25197139382362366 -0.10827112942934036 2.279703378677368
33
-0.05751845985651016 -1.0686957836151123 2.2767550945281982
-0.11980433762073517 -1.0671677589416504 2.2841758728027344
-0.07324426621198654 -0.6964813470840454 2.322856903076172
-0.14910809695720673 -0.6913880109786987 2.3828821182250977
-0.025260088965296745 -0.30886927247047424 2.460696220397949
-0.1711684614419937 -0.31119006872177124 2.462216854095459
0.047358766198158264 0.17695041000843048 2.520250082015991
-0.26372212171554565 0.16931860148906708 2.529451608657837
0.09349935501813889 -0.0365852490067482 2.5320932865142822
-0.3363988995552063 -0.043899036943912506 2.5469818115234375
0.1387832760810852 -0.02803422138094902 2.307379722595215
-0.22731971740722656 -0.07770559936761856 2.336595058441162
0.1855638176202774 0.0007298477576114237 2.258664608001709
-0.23186694085597992 -0.02945784479379654 2.285305976867676
34
-0.05751845985651016 -1.0686957836151123 2.2767550945281982
-0.11980433762073517 -1.0671677589416504 2.2841758728027344
-0.07324426621198654 -0.6964813470840454 2.322856903076172
-0.14910809695720673 -0.6913880109786987 2.3828821182250977
-0.025260088965296745 -0.30886927247047424 2.460696220397949
-0.1711684614419937 -0.31119006872177124 2.462216854095459
0.047358766198158264 0.17695041000843048 2.520250082015991
-0.26372212171554565 0.16931860148906708 2.529451608657837
0.09349935501813889 -0.0365852490067482 2.5320932865142822
-0.3363988995552063 -0.043899036943912506 2.5469818115234375
0.1387832760810852 -0.02803422138094902 2.307379722595215
-0.22731971740722656 -0.07770559936761856 2.336595058441162
0.1855638176202774 0.0007298477576114237 2.258664608001709
-0.23186694085597992 -0.02945784479379654 2.285305976867676
35
-0.05809975415468216 -1.0687718391418457 2.2763607501983643
-0.12256507575511932 -1.067953109741211 2.2829575538635254
-0.07251197099685669 -0.6943209171295166 2.312652587890625
-0.15229931473731995 -0.6953482031822205 2.378504514694214
-0.024501459673047066 -0.3273705840110779 2.4661853313446045
-0.1717207133769989 -0.32554569840431213 2.4646713733673096
0.0411871038377285 0.15853431820869446 2.5174176692962646
-0.26601526141166687 0.1527150720357895 2.53035044670105
0.10412590950727463 -0.08108317106962204 2.491588592529297
-0.32877373695373535 -0.0869627594947815 2.4815356731414795
0.1399678736925125 0.05015946179628372 2.3098866939544678
-0.19940075278282166 -0.02841051109135151 2.3039371967315674
0.16367757320404053 0.11786273121833801 2.2551560401916504
-0.2495640367269516 -0.04749855026602745 2.3020031452178955
36
-0.05809975415468216 -1.0687718391418457 2.2763607501983643
-0.12256507575511932 -1.067953109741211 2.2829575538635254
-0.07251197099685669 -0.6943209171295166 2.312652587890625
-0.15229931473731995 -0.6953482031822205 2.378504514694214
-0.024501459673047066 -0.3273705840110779 2.4661853313446045
-0.1717207133769989 -0.32554569840431213 2.4646713733673096
0.0411871038377285 0.15853431820869446 2.5174176692962646
-0.26601526141166687 0.1527150720357895 2.53035044670105
0.10412590950727463 -0.08108317106962204 2.491588592529297
-0.32877373695373535 -0.0869627594947815 2.4815356731414795
0.1399678736925125 0.05015946179628372 2.3098866939544678
-0.19940075278282166 -0.02841051109135151 2.3039371967315674
0.16367757320404053 0.11786273121833801 2.2551560401916504
-0.2495640367269516 -0.04749855026602745 2.3020031452178955
37
-0.0614355131983757 -1.0689228773117065 2.275054931640625
-0.1216147392988205 -1.0687894821166992 2.280081272125244
-0.07546854019165039 -0.6999247074127197 2.296173334121704
-0.15467843413352966 -0.7001075744628906 2.3733134269714355
-0.024048076942563057 -0.3480156362056732 2.467186450958252
-0.17297306656837463 -0.3455217778682709 2.4662015438079834
0.036093417555093765 0.13230589032173157 2.5147650241851807
-0.2706710994243622 0.13333790004253387 2.529552459716797
0.11357463151216507 -0.0867861658334732 2.474001407623291
-0.32934221625328064 -0.0878591239452362 2.4776620864868164
0.14134278893470764 0.055123571306467056 2.2993271350860596
-0.1998700201511383 -0.021785175427794456 2.3029141426086426
0.15431661903858185 0.15789921581745148 2.299647808074951
-0.217795729637146 0.07344084233045578 2.312643527984619
38
-0.0614355131983757 -1.0689228773117065 2.275054931640625
-0.1216147392988205 -1.0687894821166992 2.280081272125244
-0.07546854019165039 -0.6999247074127197 2.296173334121704
-0.15467843413352966 -0.7001075744628906 2.3733134269714355
-0.024048076942563057 -0.3480156362056732 2.467186450958252
-0.17297306656837463 -0.3455217778682709 2.4662015438079834
0.036093417555093765 0.13230589032173157 2.5147650241851807
-0.2706710994243622 0.13333790004253387 2.529552459716797
0.11357463151216507 -0.0867861658334732 2.474001407623291
-0.32934221625328064 -0.0878591239452362 2.4776620864868164
0.14134278893470764 0.055123571306467056 2.2993271350860596
-0.1998700201511383 -0.021785175427794456 2.3029141426086426
0.15431661903858185 0.15789921581745148 2.299647808074951
-0.217795729637146 0.07344084233045578 2.312643527984619
39
-0.06025407463312149 -1.0694618225097656 2.275109052658081
-0.12165474146604538 -1.0687649250030518 2.2799248695373535
-0.07639200985431671 -0.7025161981582642 2.286897659301758
-0.15768207609653473 -0.7080732583999634 2.367868661880493
-0.028576798737049103 -0.3700684905052185 2.472705125808716
-0.17868591845035553 -0.36307862401008606 2.4677915573120117
0.034909144043922424 0.1149580180644989 2.513045310974121
-0.27006176114082336 0.1201496347784996 2.52629017829895
0.14177721738815308 -0.0945594534277916 2.4290502071380615
-0.3348860740661621 -0.1059650182723999 2.4456899166107178
0.13405506312847137 0.09321418404579163 2.305666208267212
-0.20262552797794342 0.040327928960323334 2.3378021717071533
0.10632748901844025 0.18820728361606598 2.314401149749756
-0.223955437541008 0.08309086412191391 2.3300678730010986
40
-0.06025407463312149 -1.0694618225097656 2.275109052658081
-0.12165474146604538 -1.0687649250030518 2.2799248695373535
-0.07639200985431671 -0.7025161981582642 2.286897659301758
-0.15768207609653473 -0.7080732583999634 2.367868661880493
-0.028576798737049103 -0.3700684905052185 2.472705125808716
-0.17868591845035553 -0.36307862401008606 2.4677915573120117
0.034909144043922424 0.1149580180644989 2.513045310974121
-0.27006176114082336 0.1201496347784996 2.52629017829895
0.14177721738815308 -0.0945594534277916 2.4290502071380615
-0.3348860740661621 -0.1059650182723999 2.4456899166107178
0.13405506312847137 0.09321418404579163 2.305666208267212
-0.20262552797794342 0.040327928960323334 2.3378021717071533
0.10632748901844025 0.18820728361606598 2.314401149749756
-0.223955437541008 0.08309086412191391 2.3300678730010986
41
-0.0603356659412384 -1.0695911645889282 2.2739648818969727
-0.1215946152806282 -1.0692273378372192 2.279325485229492
-0.0762140303850174 -0.7077248692512512 2.2764694690704346
-0.15859003365039825 -0.7286338210105896 2.360637664794922
-0.026204030960798264 -0.38743266463279724 2.476548671722412
-0.17978987097740173 -0.3853095769882202 2.467822790145874
0.03545587137341499 0.10147517174482346 2.514434576034546
-0.2732492685317993 0.09716116636991501 2.5215508937835693
0.15191568434238434 -0.0786861851811409 2.3997812271118164
-0.33567243814468384 -0.10896601527929306 2.4311304092407227
0.12958472967147827 0.11928921937942505 2.2976675033569336
-0.19410045444965363 0.0414472334086895 2.344679832458496
0.08894427865743637 0.21919748187065125 2.3164732456207275
-0.20139269530773163 0.1693931370973587 2.3618762493133545
42
-0.0603356659412384 -1.0695911645889282 2.2739648818969727
-0.1215946152806282 -1.0692273378372192 2.279325485229492
-0.0762140303850174 -0.7077248692512512 2.2764694690704346
-0.15859003365039825 -0.7286338210105896 2.360637664794922
-0.026204030960798264 -0.38743266463279724 2.476548671722412
-0.17978987097740173 -0.3853095769882202 2.467822790145874
0.03545587137341499 0.10147517174482346 2.514434576034546
-0.2732492685317993 0.09716116636991501 2.5215508937835693
0.15191568434238434 -0.0786861851811409 2.3997812271118164
-0.33567243814468384 -0.10896601527929306 2.4311304092407227
0.12958472967147827 0.11928921937942505 2.2976675033569336
-0.19410045444965363 0.0414472334086895 2.344679832458496
0.08894427865743637 0.21919748187065125 2.3164732456207275
-0.20139269530773163 0.1693931370973587 2.3618762493133545
43
-0.06051848456263542 -1.0698823928833008 2.272534132003784
-0.12249648571014404 -1.0697972774505615 2.2782859802246094
-0.07478713989257812 -0.7114641666412354 2.2708566188812256
-0.1602417677640915 -0.73796546459198 2.3583340644836426
-0.025782117620110512 -0.39874714612960815 2.478569984436035
-0.18099598586559296 -0.39571982622146606 2.470276117324829
0.033413875848054886 0.09120628982782364 2.5150303840637207
-0.2730953097343445 0.09415259212255478 2.5210089683532715
0.16154727339744568 -0.04007686674594879 2.3665497303009033
-0.33446332812309265 -0.10557711869478226 2.408247947692871
0.12172472476959229 0.16313865780830383 2.2841415405273438
-0.18654383718967438 0.04857426881790161 2.3446760177612305
0.07925499975681305 0.2581479847431183 2.311617851257324
-0.1987399458885193 0.17371109127998352 2.3879611492156982
44
-0.06051848456263542 -1.0698823928833008 2.272534132003784
-0.12249648571014404 -1.0697972774505615 2.2782859802246094
-0.07478713989257812 -0.7114641666412354 2.2708566188812256
-0.1602417677640915 -0.73796546459198 2.3583340644836426
-0.025782117620110512 -0.39874714612960815 2.478569984436035
-0.18099598586559296 -0.39571982622146606 2.470276117324829
0.033413875848054886 0.09120628982782364 2.5150303840637207
-0.2730953097343445 0.09415259212255478 2.5210089683532715
0.16154727339744568 -0.04007686674594879 2.3665497303009033
-0.33446332812309265 -0.10557711869478226 2.408247947692871
0.12172472476959229 0.16313865780830383 2.2841415405273438
-0.18654383718967438 0.04857426881790161 2.3446760177612305
0.07925499975681305 0.2581479847431183 2.311617851257324
-0.1987399458885193 0.17371109127998352 2.3879611492156982
45
-0.06150524690747261 -1.0700827836990356 2.272662878036499
-0.12374142557382584 -1.0707545280456543 2.277665615081787
-0.07352948188781738 -0.7123092412948608 2.266972780227661
-0.1498238444328308 -0.7059838771820068 2.253161907196045
-0.027109479531645775 -0.4113143980503082 2.4846067428588867
-0.1850142627954483 -0.4070926308631897 2.473729372024536
0.027463985607028008 0.08434423059225082 2.5170059204101562
-0.2727316915988922 0.09314160794019699 2.522583246231079
0.16725672781467438 0.020234808325767517 2.3442373275756836
-0.3367764353752136 -0.09807530045509338 2.3927133083343506
0.12301508337259293 0.23127637803554535 2.2964067459106445
-0.1863739937543869 0.05560668557882309 2.3350467681884766
0.07127027213573456 0.2903515696525574 2.3400003910064697
-0.20848967134952545 0.15186336636543274 2.395631790161133
46
-0.06150524690747261 -1.0700827836990356 2.272662878036499
-0.12374142557382584 -1.0707545280456543 2.277665615081787
-0.07352948188781738 -0.7123092412948608 2.266972780227661
-0.1498238444328308 -0.7059838771820068 2.253161907196045
-0.027109479531645775 -0.4113143980503082 2.4846067428588867
-0.1850142627954483 -0.4070926308631897 2.473729372024536
0.027463985607028008 0.08434423059225082 2.5170059204101562
-0.2727316915988922 0.09314160794019699 2.522583246231079
0.16725672781467438 0.020234808325767517 2.3442373275756836
-0.3367764353752136 -0.09807530045509338 2.3927133083343506
0.12301508337259293 0.23127637803554535 2.2964067459106445
-0.1863739937543869 0.05560668557882309 2.3350467681884766
0.07127027213573456 0.2903515696525574 2.3400003910064697
-0.20848967134952545 0.15186336636543274 2.395631790161133
47
-0.06039710342884064 -1.078019618988037 2.2692911624908447
-0.12391287833452225 -1.0718103647232056 2.276468515396118
-0.07323700934648514 -0.7126217484474182 2.2650887966156006
-0.1477353870868683 -0.7107999324798584 2.2514660358428955
-0.02636147476732731 -0.414527952671051 2.484118938446045
-0.1846415102481842 -0.4175407588481903 2.4805006980895996
0.020448043942451477 0.08086539804935455 2.5204999446868896
-0.26100045442581177 0.027088776230812073 2.5291590690612793
0.16777119040489197 0.06758883595466614 2.34238338470459
-0.35437509417533875 -0.09945053607225418 2.360701560974121
0.10734821110963821 0.2770669162273407 2.342048168182373
-0.19240447878837585 0.0925021544098854 2.350294828414917
0.06836368143558502 0.337804913520813 2.3733184337615967
-0.20441244542598724 0.19491976499557495 2.424818754196167
48
-0.06039710342884064 -1.078019618988037 2.2692911624908447
-0.12391287833452225 -1.0718103647232056 2.276468515396118
-0.07323700934648514 -0.7126217484474182 2.2650887966156006
-0.1477353870868683 -0.7107999324798584 2.2514660358428955
-0.02636147476732731 -0.414527952671051 2.484118938446045
-0.1846415102481842 -0.4175407588481903 2.4805006980895996
0.020448043942451477 0.08086539804935455 2.5204999446868896
-0.26100045442581177 0.027088776230812073 2.5291590690612793
0.16777119040489197 0.06758883595466614 2.34238338470459
-0.35437509417533875 -0.09945053607225418 2.360701560974121
0.10734821110963821 0.2770669162273407 2.342048168182373
-0.19240447878837585 0.0925021544098854 2.350294828414917
0.06836368143558502 0.337804913520813 2.3733184337615967
-0.20441244542598724 0.19491976499557495 2.424818754196167
49
-0.060774341225624084 -1.0775566101074219 2.2682526111602783
-0.12350350618362427 -1.0724810361862183 2.275909900665283
-0.07283396273851395 -0.7132542729377747 2.265098810195923
-0.14768138527870178 -0.7119555473327637 2.2527174949645996
-0.02537613920867443 -0.41508203744888306 2.485760450363159
-0.18366992473602295 -0.41963762044906616 2.483311176300049
0.014364371076226234 0.0869094729423523 2.528573751449585
-0.2618875801563263 0.024832986295223236 2.5325207710266113
0.16750293970108032 0.13117551803588867 2.3586795330047607
-0.3531526029109955 -0.03234478458762169 2.326388120651245
0.10574924200773239 0.33764782547950745 2.3787550926208496
-0.1962338089942932 0.11634387820959091 2.354342460632324
0.06508059054613113 0.38386860489845276 2.4125356674194336
-0.19001181423664093 0.19721408188343048 2.4300413131713867
50
-0.060774341225624084 -1.0775566101074219 2.2682526111602783
-0.12350350618362427 -1.0724810361862183 2.275909900665283
-0.07283396273851395 -0.7132542729377747 2.265098810195923
-0.14768138527870178 -0.7119555473327637 2.2527174949645996
-0.02537613920867443 -0.41508203744888306 2.485760450363159
-0.18366992473602295 -0.41963762044906616 2.483311176300049
0.014364371076226234 0.0869094729423523 2.528573751449585
-0.2618875801563263 0.024832986295223236 2.5325207710266113
0.16750293970108032 0.13117551803588867 2.3586795330047607
-0.3531526029109955 -0.03234478458762169 2.326388120651245
0.10574924200773239 0.33764782547950745 2.3787550926208496
-0.1962338089942932 0.11634387820959091 2.354342460632324
0.06508059054613113 0.38386860489845276 2.4125356674194336
-0.19001181423664093 0.19721408188343048 2.4300413131713867
51
-0.0612325444817543 -1.0762786865234375 2.2685272693634033
-0.12355960160493851 -1.0725904703140259 2.275705575942993
-0.07293324917554855 -0.7124662399291992 2.2701125144958496
-0.14756065607070923 -0.7059445381164551 2.2602927684783936
-0.023883700370788574 -0.407455712556839 2.4873907566070557
-0.18242233991622925 -0.41415169835090637 2.4920079708099365
0.00975619163364172 0.10196856409311295 2.5448174476623535
-0.25546690821647644 0.026102416217327118 2.5513412952423096
0.16747331619262695 0.18730731308460236 2.382063150405884
-0.36316007375717163 0.005407125689089298 2.346433639526367
0.09944108873605728 0.3930666446685791 2.3904190063476562
-0.20743627846240997 0.15691162645816803 2.3671798706054688
0.05690709501504898 0.4335595667362213 2.439995527267456
-0.20230822265148163 0.22904571890830994 2.4219777584075928
52
-0.0612325444817543 -1.0762786865234375 2.2685272693634033
-0.12355960160493851 -1.0725904703140259 2.275705575942993
-0.07293324917554855 -0.7124662399291992 2.2701125144958496
-0.14756065607070923 -0.7059445381164551 2.2602927684783936
-0.023883700370788574 -0.407455712556839 2.4873907566070557
-0.18242233991622925 -0.41415169835090637 2.4920079708099365
0.00975619163364172 0.10196856409311295 2.5448174476623535
-0.25546690821647644 0.026102416217327118 2.5513412952423096
0.16747331619262695 0.18730731308460236 2.382063150405884
-0.36316007375717163 0.005407125689089298 2.346433639526367
0.09944108873605728 0.3930666446685791 2.3904190063476562
-0.20743627846240997 0.15691162645816803 2.3671798706054688
0.05690709501504898 0.4335595667362213 2.439995527267456
-0.20230822265148163 0.22904571890830994 2.4219777584075928
53
-0.05908016115427017 -1.0746091604232788 2.2686891555786133
-0.12373671680688858 -1.072798490524292 2.275139570236206
-0.06860215216875076 -0.712908148765564 2.291315793991089
-0.1456640064716339 -0.6920391917228699 2.308302164077759
-0.02739611640572548 -0.36921414732933044 2.496124267578125
-0.18445773422718048 -0.3785874843597412 2.5022714138031006
-0.0002878079249057919 0.1360127031803131 2.574981451034546
-0.24516043066978455 0.07768817245960236 2.5877768993377686
0.15962423384189606 0.2572825253009796 2.4151840209960938
-0.3510715961456299 0.0715324655175209 2.3808467388153076
0.09790494292974472 0.458123117685318 2.457568407058716
-0.19226866960525513 0.22113457322120667 2.392364025115967
0.04448006674647331 0.49344438314437866 2.491647243499756
-0.16711649298667908 0.23210883140563965 2.4186158180236816
54
-0.05908016115427017 -1.0746091604232788 2.2686891555786133
-0.12373671680688858 -1.072798490524292 2.275139570236206
-0.06860215216875076 -0.712908148765564 2.291315793991089
-0.1456640064716339 -0.6920391917228699 2.308302164077759
-0.02739611640572548 -0.36921414732933044 2.496124267578125
-0.18445773422718048 -0.3785874843597412 2.5022714138031006
-0.0002878079249057919 0.1360127031803131 2.574981451034546
-0.24516043066978455 0.07768817245960236 2.5877768993377686
0.15962423384189606 0.2572825253009796 2.4151840209960938
-0.3510715961456299 0.0715324655175209 2.3808467388153076
0.09790494292974472 0.458123117685318 2.457568407058716
-0.19226866960525513 0.22113457322120667 2.392364025115967
0.04448006674647331 0.49344438314437866 2.491647243499756
-0.16711649298667908 0.23210883140563965 2.4186158180236816
55
0.009370081126689911 -1.0789061784744263 2.296891927719116
-0.12424741685390472 -1.074984073638916 2.2740416526794434
-0.056901946663856506 -0.7047631144523621 2.3264317512512207
-0.1527663767337799 -0.7072826623916626 2.3343944549560547
-0.01629958301782608 -0.313649982213974 2.500830888748169
-0.16452766954898834 -0.330797404050827 2.507380247116089
-0.0070755574852228165 0.19711817800998688 2.613280773162842
-0.25376778841018677 0.10564041137695312 2.609236478805542
0.1514056771993637 0.3221397399902344 2.450244426727295
-0.36268624663352966 0.11353201419115067 2.4041314125061035
0.08521991968154907 0.51461261510849 2.5122830867767334
-0.18815264105796814 0.24643442034721375 2.3997397422790527
0.026343658566474915 0.5464422702789307 2.5645201206207275
-0.17993904650211334 0.27595841884613037 2.4052505493164062
56
0.009370081126689911 -1.0789061784744263 2.296891927719116
-0.12424741685390472 -1.074984073638916 2.2740416526794434
-0.056901946663856506 -0.7047631144523621 2.3264317512512207
-0.1527663767337799 -0.7072826623916626 2.3343944549560547
-0.01629958301782608 -0.313649982213974 2.500830888748169
-0.16452766954898834 -0.330797404050827 2.507380247116089
-0.0070755574852228165 0.19711817800998688 2.613280773162842
-0.25376778841018677 0.10564041137695312 2.609236478805542
0.1514056771993637 0.3221397399902344 2.450244426727295
-0.36268624663352966 0.11353201419115067 2.4041314125061035
0.08521991968154907 0.51461261510849 2.5122830867767334
-0.18815264105796814 0.24643442034721375 2.3997397422790527
0.026343658566474915 0.5464422702789307 2.5645201206207275
-0.17993904650211334 0.27595841884613037 2.4052505493164062
57
-0.042694091796875 -1.05859375 2.24609375
-0.12740564346313477 -1.0738869905471802 2.274167060852051
-0.052133262157440186 -0.7005119323730469 2.3568198680877686
-0.15289504826068878 -0.6969384551048279 2.381762981414795
-0.050028279423713684 -0.3093566596508026 2.54071044921875
-0.18661020696163177 -0.31701016426086426 2.5561864376068115
-0.009291539900004864 0.22682654857635498 2.6413865089416504
-0.2510272264480591 0.1370588093996048 2.6379103660583496
0.13723969459533691 0.37480804324150085 2.495087146759033
-0.33962324261665344 0.18446572124958038 2.4281280040740967
0.0813315287232399 0.5788082480430603 2.5288009643554688
-0.16541755199432373 0.3161594867706299 2.43436336517334
0.012056478299200535 0.6145059466362 2.5793371200561523
-0.13405606150627136 0.34882766008377075 2.5235626697540283
58
-0.042694091796875 -1.05859375 2.24609375
-0.12740564346313477 -1.0738869905471802 2.274167060852051
-0.052133262157440186 -0.7005119323730469 2.3568198680877686
-0.15289504826068878 -0.6969384551048279 2.381762981414795
-0.050028279423713684 -0.3093566596508026 2.54071044921875
-0.18661020696163177 -0.31701016426086426 2.5561864376068115
-0.009291539900004864 0.22682654857635498 2.6413865089416504
-0.2510272264480591 0.1370588093996048 2.6379103660583496
0.13723969459533691 0.37480804324150085 2.495087146759033
-0.33962324261665344 0.18446572124958038 2.4281280040740967
0.0813315287232399 0.5788082480430603 2.5288009643554688
-0.16541755199432373 0.3161594867706299 2.43436336517334
0.012056478299200535 0.6145059466362 2.5793371200561523
-0.13405606150627136 0.34882766008377075 2.5235626697540283
59
-0.019230805337429047 -0.9929035902023315 2.1899430751800537
-0.15847034752368927 -0.9796934723854065 2.2348995208740234
-0.008817673660814762 -0.7239532470703125 2.364837646484375
-0.16810792684555054 -0.6158266067504883 2.4257264137268066
-0.059665266424417496 -0.26640769839286804 2.5349481105804443
-0.18787039816379547 -0.2706518769264221 2.5337717533111572
-0.005100584123283625 0.27385854721069336 2.693233013153076
-0.25791892409324646 0.17529000341892242 2.669569730758667
0.1263069361448288 0.4239950478076935 2.5340638160705566
-0.34128621220588684 0.19740183651447296 2.45310115814209
0.07097683101892471 0.6269721984863281 2.571542263031006
-0.18405431509017944 0.34964901208877563 2.4376635551452637
0.01626073755323887 0.684688925743103 2.6031343936920166
-0.15639865398406982 0.3679429292678833 2.477646589279175
60
-0.019230805337429047 -0.9929035902023315 2.1899430751800537
-0.15847034752368927 -0.9796934723854065 2.2348995208740234
-0.008817673660814762 -0.7239532470703125 2.364837646484375
-0.16810792684555054 -0.6158266067504883 2.4257264137268066
-0.059665266424417496 -0.26640769839286804 2.5349481105804443
-0.18787039816379547 -0.2706518769264221 2.5337717533111572
-0.005100584123283625 0.27385854721069336 2.693233013153076
-0.25791892409324646 0.17529000341892242 2.669569730758667
0.1263069361448288 0.4239950478076935 2.5340638160705566
-0.34128621220588684 0.19740183651447296 2.45310115814209
0.07097683101892471 0.6269721984863281 2.571542263031006
-0.18405431509017944 0.34964901208877563 2.4376635551452637
0.01626073755323887 0.684688925743103 2.6031343936920166
-0.15639865398406982 0.3679429292678833 2.477646589279175
61
-0.01574595645070076 -0.9736983180046082 2.1334543228149414
-0.11833173036575317 -1.04581618309021 2.2523393630981445
-0.04287292808294296 -0.669527530670166 2.3632729053497314
-0.15407365560531616 -0.7036916613578796 2.4362075328826904
-0.04993882030248642 -0.23750653862953186 2.5952277183532715
-0.17801789939403534 -0.2405591756105423 2.5945143699645996
-0.013280468992888927 0.3235888183116913 2.7321956157684326
-0.24465250968933105 0.21638460457324982 2.69490122795105
0.10943026095628738 0.4738676846027374 2.5867133140563965
-0.34358373284339905 0.21787184476852417 2.4842734336853027
0.07342275232076645 0.6866027116775513 2.5630505084991455
-0.1755256950855255 0.3806343972682953 2.4691929817199707
0.014542151242494583 0.764844536781311 2.6126582622528076
-0.142010897397995 0.38926056027412415 2.4672484397888184
62
-0.01574595645070076 -0.9736983180046082 2.1334543228149414
-0.11833173036575317 -1.04581618309021 2.2523393630981445
-0.04287292808294296 -0.669527530670166 2.3632729053497314
-0.15407365560531616 -0.7036916613578796 2.4362075328826904
-0.04993882030248642 -0.23750653862953186 2.5952277183532715
-0.17801789939403534 -0.2405591756105423 2.5945143699645996
-0.013280468992888927 0.3235888183116913 2.7321956157684326
-0.24465250968933105 0.21638460457324982 2.69490122795105
0.10943026095628738 0.4738676846027374 2.5867133140563965
-0.34358373284339905 0.21787184476852417 2.4842734336853027
0.07342275232076645 0.6866027116775513 2.5630505084991455
-0.1755256950855255 0.3806343972682953 2.4691929817199707
0.014542151242494583 0.764844536781311 2.6126582622528076
-0.142010897397995 0.38926056027412415 2.4672484397888184
63
-0.02050052583217621 -0.8358561992645264 2.1020777225494385
-0.14028993248939514 -0.9780115485191345 2.2931766510009766
-0.022909604012966156 -0.47817283868789673 2.3312156200408936
-0.17308160662651062 -0.6154786348342896 2.4885923862457275
-0.040911562740802765 -0.22174766659736633 2.612616777420044
-0.17176927626132965 -0.2317344695329666 2.5977213382720947
-0.015185893513262272 0.32938334345817566 2.7525558471679688
-0.2515257000923157 0.2172289341688156 2.7133991718292236
0.09021887183189392 0.5128491520881653 2.6315693855285645
-0.34349676966667175 0.23722730576992035 2.5005087852478027
0.08203242719173431 0.721215009689331 2.56337833404541
-0.17481377720832825 0.3901767134666443 2.4588348865509033
0.03865542262792587 0.8152468204498291 2.6029157638549805
-0.17029689252376556 0.41377297043800354 2.426563024520874
64
-0.02050052583217621 -0.8358561992645264 2.1020777225494385
-0.14028993248939514 -0.9780115485191345 2.2931766510009766
-0.022909604012966156 -0.47817283868789673 2.3312156200408936
-0.17308160662651062 -0.6154786348342896 2.4885923862457275
-0.040911562740802765 -0.22174766659736633 2.612616777420044
-0.17176927626132965 -0.2317344695329666 2.5977213382720947
-0.015185893513262272 0.32938334345817566 2.7525558471679688
-0.2515257000923157 0.2172289341688156 2.7133991718292236
0.09021887183189392 0.5128491520881653 2.6315693855285645
-0.34349676966667175 0.23722730576992035 2.5005087852478027
0.08203242719173431 0.721215009689331 2.56337833404541
-0.17481377720832825 0.3901767134666443 2.4588348865509033
0.03865542262792587 0.8152468204498291 2.6029157638549805
-0.17029689252376556 0.41377297043800354 2.426563024520874
65
-0.010363160632550716 -0.8324488401412964 1.996709942817688
-0.136962890625 -1.0615234375 2.41015625
-0.02967819944024086 -0.5389124751091003 2.307203531265259
-0.17577877640724182 -0.640668511390686 2.5226707458496094
-0.07179255783557892 -0.17979276180267334 2.6144051551818848
-0.20255273580551147 -0.1833638697862625 2.6090645790100098
-0.017576569691300392 0.3546411693096161 2.793957471847534
-0.25215163826942444 0.230856254696846 2.7424848079681396
0.07231887429952621 0.5394530296325684 2.674499273300171
-0.3155667781829834 0.2816321849822998 2.5106630325317383
0.07037217915058136 0.7453239560127258 2.5976083278656006
-0.16565002501010895 0.42686718702316284 2.4345006942749023
0.01329780463129282 0.8831954598426819 2.601315975189209
-0.13623738288879395 0.5347923040390015 2.45782208442688
66
-0.010363160632550716 -0.8324488401412964 1.996709942817688
-0.136962890625 -1.0615234375 2.41015625
-0.02967819944024086 -0.5389124751091003 2.307203531265259
-0.17577877640724182 -0.640668511390686 2.5226707458496094
-0.07179255783557892 -0.17979276180267334 2.6144051551818848
-0.20255273580551147 -0.1833638697862625 2.6090645790100098
-0.017576569691300392 0.3546411693096161 2.793957471847534
-0.25215163826942444 0.230856254696846 2.7424848079681396
0.07231887429952621 0.5394530296325684 2.674499273300171
-0.3155667781829834 0.2816321849822998 2.5106630325317383
0.07037217915058136 0.7453239560127258 2.5976083278656006
-0.16565002501010895 0.42686718702316284 2.4345006942749023
0.01329780463129282 0.8831954598426819 2.601315975189209
-0.13623738288879395 0.5347923040390015 2.45782208442688
67
-0.0172575656324625 -0.7189591526985168 1.9385418891906738
-0.16270355880260468 -1.0042871236801147 2.4456663131713867
-0.025636758655309677 -0.48823609948158264 2.2781026363372803
-0.17837879061698914 -0.6349281072616577 2.561870813369751
-0.056936733424663544 -0.16410593688488007 2.641298770904541
-0.19981920719146729 -0.17557033896446228 2.6267921924591064
-0.02158386819064617 0.35358911752700806 2.802931308746338
-0.27165189385414124 0.259202241897583 2.788727283477783
0.05628865584731102 0.5982679724693298 2.689979076385498
-0.31663352251052856 0.28250399231910706 2.518411874771118
0.05803621932864189 0.8601059913635254 2.6148011684417725
-0.16526947915554047 0.4683765172958374 2.398719072341919
0.02187548205256462 0.9841623902320862 2.643015146255493
-0.1189720407128334 0.5342860221862793 2.353454351425171
68
-0.0172575656324625 -0.7189591526985168 1.9385418891906738
-0.16270355880260468 -1.0042871236801147 2.4456663131713867
-0.025636758655309677 -0.48823609948158264 2.2781026363372803
-0.17837879061698914 -0.6349281072616577 2.561870813369751
-0.056936733424663544 -0.16410593688488007 2.641298770904541
-0.19981920719146729 -0.17557033896446228 2.6267921924591064
-0.02158386819064617 0.35358911752700806 2.802931308746338
-0.27165189385414124 0.259202241897583 2.788727283477783
0.05628865584731102 0.5982679724693298 2.689979076385498
-0.31663352251052856 0.28250399231910706 2.518411874771118
0.05803621932864189 0.8601059913635254 2.6148011684417725
-0.16526947915554047 0.4683765172958374 2.398719072341919
0.02187548205256462 0.9841623902320862 2.643015146255493
-0.1189720407128334 0.5342860221862793 2.353454351425171
69
0.004656725097447634 -0.6058675646781921 1.8881677389144897
-0.1711074411869049 -1.0121474266052246 2.505585193634033
-0.019310688599944115 -0.40921828150749207 2.286236047744751
-0.18496519327163696 -0.6429949402809143 2.6051340103149414
-0.04818738251924515 -0.1634204387664795 2.656682014465332
-0.1912013292312622 -0.19579854607582092 2.665933847427368
-0.019667809829115868 0.3396027088165283 2.8325796127319336
-0.2619844377040863 0.24455490708351135 2.793436050415039
0.04312875494360924 0.6050603985786438 2.7040209770202637
-0.319847047328949 0.2849043309688568 2.53191876411438
0.054820768535137177 0.8561303615570068 2.6135478019714355
-0.18323281407356262 0.4372040629386902 2.3913345336914062
0.06601753830909729 0.9429038166999817 2.5461037158966064
-0.17642825841903687 0.4554815888404846 2.3416218757629395
70
0.004656725097447634 -0.6058675646781921 1.8881677389144897
-0.1711074411869049 -1.0121474266052246 2.505585193634033
-0.019310688599944115 -0.40921828150749207 2.286236047744751
-0.18496519327163696 -0.6429949402809143 2.6051340103149414
-0.04818738251924515 -0.1634204387664795 2.656682014465332
-0.1912013292312622 -0.19579854607582092 2.665933847427368
-0.019667809829115868 0.3396027088165283 2.8325796127319336
-0.2619844377040863 0.24455490708351135 2.793436050415039
0.04312875494360924 0.6050603985786438 2.7040209770202637
-0.319847047328949 0.2849043309688568 2.53191876411438
0.054820768535137177 0.8561303615570068 2.6135478019714355
-0.18323281407356262 0.4372040629386902 2.3913345336914062
0.06601753830909729 0.9429038166999817 2.5461037158966064
-0.17642825841903687 0.4554815888404846 2.3416218757629395
71
0.003751148469746113 -0.5018517971038818 1.8472182750701904
-0.18783371150493622 -0.9998703002929688 2.5508103370666504
-0.022986335679888725 -0.35307011008262634 2.3079216480255127
-0.18725404143333435 -0.6316681504249573 2.6356089115142822
-0.042931560426950455 -0.18541774153709412 2.706637144088745
-0.19189231097698212 -0.2062351554632187 2.678056478500366
-0.024321014061570168 0.32243862748146057 2.8464202880859375
-0.27599236369132996 0.2054053246974945 2.811173677444458
0.015368622727692127 0.5912784337997437 2.728768825531006
-0.30288803577423096 0.2916199266910553 2.5652878284454346
0.02153637632727623 0.7969217896461487 2.6521613597869873
-0.19643180072307587 0.3956391513347626 2.394758939743042
0.04610634222626686 0.8220046162605286 2.5609755516052246
-0.17525681853294373 0.3984723389148712 2.3641092777252197
72
0.003751148469746113 -0.5018517971038818 1.8472182750701904
-0.18783371150493622 -0.9998703002929688 2.5508103370666504
-0.022986335679888725 -0.35307011008262634 2.3079216480255127
-0.18725404143333435 -0.6316681504249573 2.6356089115142822
-0.042931560426950455 -0.18541774153709412 2.706637144088745
-0.19189231097698212 -0.2062351554632187 2.678056478500366
-0.024321014061570168 0.32243862748146057 2.8464202880859375
-0.27599236369132996 0.2054053246974945 2.811173677444458
0.015368622727692127 0.5912784337997437 2.728768825531006
-0.30288803577423096 0.2916199266910553 2.5652878284454346
0.02153637632727623 0.7969217896461487 2.6521613597869873
-0.19643180072307587 0.3956391513347626 2.394758939743042
0.04610634222626686 0.8220046162605286 2.5609755516052246
-0.17525681853294373 0.3984723389148712 2.3641092777252197
73
0.023227283731102943 -0.41679343581199646 1.8650401830673218
-0.19698411226272583 -1.0027968883514404 2.5847578048706055
-0.020426075905561447 -0.32291439175605774 2.341151237487793
-0.18989337980747223 -0.6365241408348083 2.655303955078125
-0.03652111068367958 -0.19638197124004364 2.7302358150482178
-0.17667576670646667 -0.22591236233711243 2.7051098346710205
-0.016673194244503975 0.32788458466529846 2.849001407623291
-0.2534244954586029 0.1819401979446411 2.8074066638946533
-0.010858282446861267 0.5674004554748535 2.7426741123199463
-0.30575764179229736 0.2771103084087372 2.5745387077331543
0.02194828726351261 0.7687156200408936 2.660188674926758
-0.19009514153003693 0.35520970821380615 2.3956892490386963
0.032765619456768036 0.7720431089401245 2.605837106704712
-0.18261320888996124 0.38249263167381287 2.37829852104187
74
-0.0009125946089625359 -0.4323889911174774 1.8748748302459717
-0.20152093470096588 -1.0061708688735962 2.600816011428833
-0.021134713664650917 -0.3222198784351349 2.3417553901672363
-0.18999414145946503 -0.6411370038986206 2.663484573364258
-0.03053339570760727 -0.2245849370956421 2.7549326419830322
-0.17327411472797394 -0.2678299844264984 2.7234137058258057
-0.014008940197527409 0.32594767212867737 2.8520307540893555
-0.25283151865005493 0.11091722548007965 2.8123927116394043
-0.011017980985343456 0.5273928642272949 2.7532997131347656
-0.3266967236995697 0.21618478000164032 2.6198198795318604
0.004359682556241751 0.7303905487060547 2.6692373752593994
-0.22474521398544312 0.32998284697532654 2.446335792541504
0.019159430637955666 0.7367870807647705 2.6093482971191406
-0.180191308259964 0.3619554340839386 2.3922805786132812
75
-0.0009125946089625359 -0.4323889911174774 1.8748748302459717
-0.20152093470096588 -1.0061708688735962 2.600816011428833
-0.021134713664650917 -0.3222198784351349 2.3417553901672363
-0.18999414145946503 -0.6411370038986206 2.663484573364258
-0.03053339570760727 -0.2245849370956421 2.7549326419830322
-0.17327411472797394 -0.2678299844264984 2.7234137058258057
-0.014008940197527409 0.32594767212867737 2.8520307540893555
-0.25283151865005493 0.11091722548007965 2.8123927116394043
-0.011017980985343456 0.5273928642272949 2.7532997131347656
-0.3266967236995697 0.21618478000164032 2.6198198795318604
0.004359682556241751 0.7303905487060547 2.6692373752593994
-0.22474521398544312 0.32998284697532654 2.446335792541504
0.019159430637955666 0.7367870807647705 2.6093482971191406
-0.180191308259964 0.3619554340839386 2.3922805786132812
76
0.005446161143481731 -0.42266419529914856 1.8750674724578857
-0.19749189913272858 -1.0075620412826538 2.6057355403900146
-0.02791496366262436 -0.3222484588623047 2.3445193767547607
-0.1896902471780777 -0.6425272226333618 2.667970657348633
-0.026487672701478004 -0.22890514135360718 2.7666149139404297
-0.16583801805973053 -0.281644344329834 2.7509279251098633
-0.010684515349566936 0.33771008253097534 2.873460054397583
-0.25632333755493164 0.09801830351352692 2.8225114345550537
-0.003982918336987495 0.6023136973381042 2.7270214557647705
-0.31861165165901184 0.2013230174779892 2.6243672370910645
-0.03946585953235626 0.7808510661125183 2.5991499423980713
-0.24651722609996796 0.26927727460861206 2.4986870288848877
-0.035092540085315704 0.8717777132987976 2.5015344619750977
-0.18326164782047272 0.32563987374305725 2.406371593475342
77
0.005446161143481731 -0.42266419529914856 1.8750674724578857
-0.19749189913272858 -1.0075620412826538 2.6057355403900146
-0.02791496366262436 -0.3222484588623047 2.3445193767547607
-0.1896902471780777 -0.6425272226333618 2.667970657348633
-0.026487672701478004 -0.22890514135360718 2.7666149139404297
-0.16583801805973053 -0.281644344329834 2.7509279251098633
-0.010684515349566936 0.33771008253097534 2.873460054397583
-0.25632333755493164 0.09801830351352692 2.8225114345550537
-0.003982918336987495 0.6023136973381042 2.7270214557647705
-0.31861165165901184 0.2013230174779892 2.6243672370910645
-0.03946585953235626 0.7808510661125183 2.5991499423980713
-0.24651722609996796 0.26927727460861206 2.4986870288848877
-0.035092540085315704 0.8717777132987976 2.5015344619750977
-0.18326164782047272 0.32563987374305725 2.406371593475342
78
0.004297537729144096 -0.4329369366168976 1.884699821472168
-0.19846946001052856 -1.012777328491211 2.60628604888916
-0.031087681651115417 -0.3262351453304291 2.34736967086792
-0.1901133507490158 -0.6480352282524109 2.6676061153411865
-0.00940828025341034 -0.2632315456867218 2.810061454772949
-0.16676998138427734 -0.30093181133270264 2.7558679580688477
-0.017097368836402893 0.2893342673778534 2.87772536277771
-0.261825829744339 0.07951108366250992 2.8467533588409424
-0.027025394141674042 0.485525906085968 2.767040252685547
-0.3272790014743805 0.15532483160495758 2.636701822280884
-0.021119285374879837 0.6908873915672302 2.687962055206299
-0.2225709706544876 0.26441657543182373 2.4680581092834473
0.0071252984926104546 0.6712873578071594 2.6056406497955322
-0.1860048770904541 0.2978237271308899 2.4181878566741943
79
0.004297537729144096 -0.4329369366168976 1.884699821472168
-0.19846946001052856 -1.012777328491211 2.60628604888916
-0.031087681651115417 -0.3262351453304291 2.34736967086792
-0.1901133507490158 -0.6480352282524109 2.6676061153411865
-0.00940828025341034 -0.2632315456867218 2.810061454772949
-0.16676998138427734 -0.30093181133270264 2.7558679580688477
-0.017097368836402893 0.2893342673778534 2.87772536277771
-0.261825829744339 0.07951108366250992 2.8467533588409424
-0.027025394141674042 0.485525906085968 2.767040252685547
-0.3272790014743805 0.15532483160495758 2.636701822280884
-0.021119285374879837 0.6908873915672302 2.687962055206299
-0.2225709706544876 0.26441657543182373 2.4680581092834473
0.0071252984926104546 0.6712873578071594 2.6056406497955322
-0.1860048770904541 0.2978237271308899 2.4181878566741943
80
-0.006623830646276474 -0.45620253682136536 1.9141781330108643
-0.18010979890823364 -1.0369230508804321 2.6038694381713867
-0.039690714329481125 -0.34718015789985657 2.3887064456939697
-0.19206751883029938 -0.6729822158813477 2.663076639175415
-0.01809106580913067 -0.30204641819000244 2.7960376739501953
-0.18468956649303436 -0.3275873064994812 2.7651925086975098
-0.0282832533121109 0.19802942872047424 2.933621883392334
-0.2525434195995331 0.09077371656894684 2.876962661743164
-0.024501459673047066 0.45313990116119385 2.7836086750030518
-0.3230951428413391 0.15014585852622986 2.6465535163879395
-0.023001719266176224 0.6561556458473206 2.6969897747039795
-0.19058947265148163 0.23460011184215546 2.4517745971679688
0.01218300312757492 0.6563144326210022 2.6067957878112793
-0.17525652050971985 0.2591690421104431 2.425097942352295
81
-0.006623830646276474 -0.45620253682136536 1.9141781330108643
-0.18010979890823364 -1.0369230508804321 2.6038694381713867
-0.039690714329481125 -0.34718015789985657 2.3887064456939697
-0.19206751883029938 -0.6729822158813477 2.663076639175415
-0.01809106580913067 -0.30204641819000244 2.7960376739501953
-0.18468956649303436 -0.3275873064994812 2.7651925086975098
-0.0282832533121109 0.19802942872047424 2.933621883392334
-0.2525434195995331 0.09077371656894684 2.876962661743164
-0.024501459673047066 0.45313990116119385 2.7836086750030518
-0.3230951428413391 0.15014585852622986 2.6465535163879395
-0.023001719266176224 0.6561556458473206 2.6969897747039795
-0.19058947265148163 0.23460011184215546 2.4517745971679688
0.01218300312757492 0.6563144326210022 2.6067957878112793
-0.17525652050971985 0.2591690421104431 2.425097942352295
82
-0.00709861796349287 -0.4911365509033203 1.9238213300704956
-0.18218648433685303 -1.0486425161361694 2.614670515060425
-0.03754909709095955 -0.3587547242641449 2.3912038803100586
-0.1954779028892517 -0.6843796968460083 2.6772401332855225
-0.014729976654052734 -0.3015669882297516 2.804387331008911
-0.18640023469924927 -0.3279992938041687 2.769864559173584
-0.02853664755821228 0.1997409611940384 2.940016269683838
-0.25062671303749084 0.09061179310083389 2.887143135070801
-0.0227081086486578 0.4522877335548401 2.7904298305511475
-0.32393765449523926 0.14818252623081207 2.650277614593506
-0.02321331761777401 0.6527432203292847 2.6971356868743896
-0.19076727330684662 0.23381780087947845 2.4546260833740234
0.003908340819180012 0.6532455682754517 2.609943389892578
-0.1836380660533905 0.25597628951072693 2.43652081489563
83
-0.00709861796349287 -0.4911365509033203 1.9238213300704956
-0.18218648433685303 -1.0486425161361694 2.614670515060425
-0.03754909709095955 -0.3587547242641449 2.3912038803100586
-0.1954779028892517 -0.6843796968460083 2.6772401332855225
-0.014729976654052734 -0.3015669882297516 2.804387331008911
-0.18640023469924927 -0.3279992938041687 2.769864559173584
-0.02853664755821228 0.1997409611940384 2.940016269683838
-0.25062671303749084 0.09061179310083389 2.887143135070801
-0.0227081086486578 0.4522877335548401 2.7904298305511475
-0.32393765449523926 0.14818252623081207 2.650277614593506
-0.02321331761777401 0.6527432203292847 2.6971356868743896
-0.19076727330684662 0.23381780087947845 2.4546260833740234
0.003908340819180012 0.6532455682754517 2.609943389892578
-0.1836380660533905 0.25597628951072693 2.43652081489563
84
-0.005065027624368668 -0.5723565220832825 1.9249192476272583
-0.177017942070961 -1.1180850267410278 2.6742308139801025
-0.03108772076666355 -0.41940388083457947 2.362417459487915
-0.19094742834568024 -0.6960146427154541 2.6905949115753174
-0.017089398577809334 -0.30194368958473206 2.812286376953125
-0.18970641493797302 -0.328993022441864 2.784076452255249
-0.02649308554828167 0.20048841834068298 2.952549695968628
-0.2593177855014801 0.102210633456707 2.9142613410949707
-0.01599283143877983 0.44954538345336914 2.8083767890930176
-0.3242742419242859 0.14530569314956665 2.671522855758667
-0.02362421527504921 0.645825207233429 2.7056736946105957
-0.1911584436893463 0.23440629243850708 2.460235118865967
0.005721320863813162 0.6558133959770203 2.623551368713379
-0.1798839122056961 0.26032495498657227 2.444777727127075
85
-0.005065027624368668 -0.5723565220832825 1.9249192476272583
-0.177017942070961 -1.1180850267410278 2.6742308139801025
-0.03108772076666355 -0.41940388083457947 2.362417459487915
-0.19094742834568024 -0.6960146427154541 2.6905949115753174
-0.017089398577809334 -0.30194368958473206 2.812286376953125
-0.18970641493797302 -0.328993022441864 2.784076452255249
-0.02649308554828167 0.20048841834068298 2.952549695968628
-0.2593177855014801 0.102210633456707 2.9142613410949707
-0.01599283143877983 0.44954538345336914 2.8083767890930176
-0.3242742419242859 0.14530569314956665 2.671522855758667
-0.02362421527504921 0.645825207233429 2.7056736946105957
-0.1911584436893463 0.23440629243850708 2.460235118865967
0.005721320863813162 0.6558133959770203 2.623551368713379
-0.1798839122056961 0.26032495498657227 2.444777727127075
86
-0.015085872262716293 -0.628935694694519 1.9661529064178467
-0.1742212474346161 -1.1205573081970215 2.6710453033447266
-0.033959679305553436 -0.4363052248954773 2.4057250022888184
-0.18871653079986572 -0.6985297799110413 2.7092502117156982
-0.019019365310668945 -0.3059155344963074 2.832368850708008
-0.1930558681488037 -0.3298599421977997 2.793649911880493
-0.026734916493296623 0.20071010291576385 2.9530367851257324
-0.25898635387420654 0.1020098552107811 2.914278984069824
-0.007592546753585339 0.4461025595664978 2.8286707401275635
-0.3243559002876282 0.14588017761707306 2.6859335899353027
-0.01167871244251728 0.6421430706977844 2.7251899242401123
-0.19117143750190735 0.2431427538394928 2.469832420349121
-0.006165085360407829 0.6755868196487427 2.64074969291687
-0.17924422025680542 0.27608364820480347 2.4552254676818848
87
-0.015085872262716293 -0.628935694694519 1.9661529064178467
-0.1742212474346161 -1.1205573081970215 2.6710453033447266
-0.033959679305553436 -0.4363052248954773 2.4057250022888184
-0.18871653079986572 -0.6985297799110413 2.7092502117156982
-0.019019365310668945 -0.3059155344963074 2.832368850708008
-0.1930558681488037 -0.3298599421977997 2.793649911880493
-0.026734916493296623 0.20071010291576385 2.9530367851257324
-0.25898635387420654 0.1020098552107811 2.914278984069824
-0.007592546753585339 0.4461025595664978 2.8286707401275635
-0.3243559002876282 0.14588017761707306 2.6859335899353027
-0.01167871244251728 0.6421430706977844 2.7251899242401123
-0.19117143750190735 0.2431427538394928 2.469832420349121
-0.006165085360407829 0.6755868196487427 2.64074969291687
-0.17924422025680542 0.27608364820480347 2.4552254676818848
88
-0.014040633104741573 -0.6796149611473083 1.9973353147506714
-0.1743151843547821 -1.1212726831436157 2.6721224784851074
-0.03493639826774597 -0.46481361985206604 2.424619197845459
-0.18333201110363007 -0.718505859375 2.7416512966156006
-0.023974545300006866 -0.30160173773765564 2.8352975845336914
-0.20420929789543152 -0.3242872357368469 2.8433408737182617
-0.03212560713291168 0.20459218323230743 2.981471061706543
-0.2684147357940674 0.1055334284901619 2.9231741428375244
0.010220879688858986 0.4333263635635376 2.857104778289795
-0.32682088017463684 0.14854905009269714 2.696347236633301
0.0003284199337940663 0.6311103105545044 2.7577991485595703
-0.19362640380859375 0.2829829454421997 2.506420612335205
-0.005561021156609058 0.6979064345359802 2.6614623069763184
-0.16574037075042725 0.2897890508174896 2.458047389984131
89
-0.014040633104741573 -0.6796149611473083 1.9973353147506714
-0.1743151843547821 -1.1212726831436157 2.6721224784851074
-0.03493639826774597 -0.46481361985206604 2.424619197845459
-0.18333201110363007 -0.718505859375 2.7416512966156006
-0.023974545300006866 -0.30160173773765564 2.8352975845336914
-0.20420929789543152 -0.3242872357368469 2.8433408737182617
-0.03212560713291168 0.20459218323230743 2.981471061706543
-0.2684147357940674 0.1055334284901619 2.9231741428375244
0.010220879688858986 0.4333263635635376 2.857104778289795
-0.32682088017463684 0.14854905009269714 2.696347236633301
0.0003284199337940663 0.6311103105545044 2.7577991485595703
-0.19362640380859375 0.2829829454421997 2.506420612335205
-0.005561021156609058 0.6979064345359802 2.6614623069763184
-0.16574037075042725 0.2897890508174896 2.458047389984131
90
-0.014441571198403835 -0.7113834023475647 2.069058656692505
-0.17486679553985596 -1.1218374967575073 2.674076557159424
-0.032617997378110886 -0.4926874041557312 2.457207679748535
-0.18734344840049744 -0.7166336178779602 2.7579410076141357
-0.07326226681470871 -0.3030768036842346 2.862744092941284
-0.20977765321731567 -0.3218878209590912 2.8443338871002197
-0.03214135766029358 0.20721454918384552 2.986326217651367
-0.2687307894229889 0.11230994760990143 2.9291954040527344
0.025432024151086807 0.4224884808063507 2.8697516918182373
-0.32828032970428467 0.15134698152542114 2.703178644180298
0.008063249289989471 0.626368522644043 2.773223876953125
-0.234176367521286 0.281873881816864 2.544447183609009
-0.009992816485464573 0.7244354486465454 2.6913299560546875
-0.17215000092983246 0.3259492516517639 2.459832191467285
91
-0.014441571198403835 -0.7113834023475647 2.069058656692505
-0.17486679553985596 -1.1218374967575073 2.674076557159424
-0.032617997378110886 -0.4926874041557312 2.457207679748535
-0.18734344840049744 -0.7166336178779602 2.7579410076141357
-0.07326226681470871 -0.3030768036842346 2.862744092941284
-0.20977765321731567 -0.3218878209590912 2.8443338871002197
-0.03214135766029358 0.20721454918384552 2.986326217651367
-0.2687307894229889 0.11230994760990143 2.9291954040527344
0.025432024151086807 0.4224884808063507 2.8697516918182373
-0.32828032970428467 0.15134698152542114 2.703178644180298
0.008063249289989471 0.626368522644043 2.773223876953125
-0.234176367521286 0.281873881816864 2.544447183609009
-0.009992816485464573 0.7244354486465454 2.6913299560546875
-0.17215000092983246 0.3259492516517639 2.459832191467285
92
-0.00873985793441534 -0.7512195706367493 2.157078742980957
-0.1754358410835266 -1.0682445764541626 2.634507179260254
-0.02971404418349266 -0.5126590132713318 2.485325574874878
-0.19467177987098694 -0.6983094215393066 2.787637233734131
-0.07151363044977188 -0.3031272888183594 2.8682456016540527
-0.21397404372692108 -0.3193192481994629 2.858011484146118
-0.03203402832150459 0.20812086760997772 2.9877703189849854
-0.26781806349754333 0.11641573905944824 2.9324920177459717
0.05087335407733917 0.413000226020813 2.8758578300476074
-0.3273974061012268 0.1626235693693161 2.693004608154297
0.011690721847116947 0.6397454738616943 2.7793195247650146
-0.2146282196044922 0.2974051237106323 2.549628257751465
0.013933076523244381 0.7554619908332825 2.6849842071533203
-0.15161167085170746 0.3904879689216614 2.420259714126587
93
-0.00873985793441534 -0.7512195706367493 2.157078742980957
-0.1754358410835266 -1.0682445764541626 2.634507179260254
-0.02971404418349266 -0.5126590132713318 2.485325574874878
-0.19467177987098694 -0.6983094215393066 2.787637233734131
-0.07151363044977188 -0.3031272888183594 2.8682456016540527
-0.21397404372692108 -0.3193192481994629 2.858011484146118
-0.03203402832150459 0.20812086760997772 2.9877703189849854
-0.26781806349754333 0.11641573905944824 2.9324920177459717
0.05087335407733917 0.413000226020813 2.8758578300476074
-0.3273974061012268 0.1626235693693161 2.693004608154297
0.011690721847116947 0.6397454738616943 2.7793195247650146
-0.2146282196044922 0.2974051237106323 2.549628257751465
0.013933076523244381 0.7554619908332825 2.6849842071533203
-0.15161167085170746 0.3904879689216614 2.420259714126587
94
-0.019710907712578773 -0.8496204614639282 2.2218616008758545
-0.1717260479927063 -1.0631552934646606 2.6381337642669678
-0.03150909021496773 -0.5554060339927673 2.5202295780181885
-0.19891147315502167 -0.6936219930648804 2.8015084266662598
-0.059999071061611176 -0.30321040749549866 2.8938026428222656
-0.21049726009368896 -0.3206382095813751 2.881833553314209
-0.027743874117732048 0.2099536508321762 2.9941840171813965
-0.2677657902240753 0.12177366018295288 2.9348104000091553
0.08892887830734253 0.38750526309013367 2.8779118061065674
-0.3259999454021454 0.16239438951015472 2.6887600421905518
0.012833550572395325 0.6396807432174683 2.7810020446777344
-0.19409774243831635 0.316007524728775 2.553213119506836
-0.003317107679322362 0.7689927220344543 2.743586540222168
-0.13622930645942688 0.43465664982795715 2.465482711791992
95
-0.019710907712578773 -0.8496204614639282 2.2218616008758545
-0.1717260479927063 -1.0631552934646606 2.6381337642669678
-0.03150909021496773 -0.5554060339927673 2.5202295780181885
-0.19891147315502167 -0.6936219930648804 2.8015084266662598
-0.059999071061611176 -0.30321040749549866 2.8938026428222656
-0.21049726009368896 -0.3206382095813751 2.881833553314209
-0.027743874117732048 0.2099536508321762 2.9941840171813965
-0.2677657902240753 0.12177366018295288 2.9348104000091553
0.08892887830734253 0.38750526309013367 2.8779118061065674
-0.3259999454021454 0.16239438951015472 2.6887600421905518
0.012833550572395325 0.6396807432174683 2.7810020446777344
-0.19409774243831635 0.316007524728775 2.553213119506836
-0.003317107679322362 0.7689927220344543 2.743586540222168
-0.13622930645942688 0.43465664982795715 2.465482711791992
96
-0.022158663719892502 -0.9263262748718262 2.3013978004455566
-0.1700894832611084 -1.0626540184020996 2.642036199569702
-0.029465975239872932 -0.5758979320526123 2.555424928665161
-0.20404459536075592 -0.6942639946937561 2.818898916244507
-0.053866781294345856 -0.3211314082145691 2.911561965942383
-0.208091139793396 -0.3346208333969116 2.9002373218536377
-0.025126226246356964 0.19426415860652924 2.9952826499938965
-0.26758524775505066 0.12182792276144028 2.9352543354034424
0.11221929639577866 0.3647440969944 2.8732967376708984
-0.33060982823371887 0.1401706486940384 2.6860201358795166
0.013022792525589466 0.6316749453544617 2.788686513900757
-0.19244368374347687 0.3073020577430725 2.569159984588623
-0.027327684685587883 0.7424949407577515 2.7981088161468506
-0.1406637281179428 0.41920381784439087 2.5410077571868896
97
-0.022158663719892502 -0.9263262748718262 2.3013978004455566
-0.1700894832611084 -1.0626540184020996 2.642036199569702
-0.029465975239872932 -0.5758979320526123 2.555424928665161
-0.20404459536075592 -0.6942639946937561 2.818898916244507
-0.053866781294345856 -0.3211314082145691 2.911561965942383
-0.208091139793396 -0.3346208333969116 2.9002373218536377
-0.025126226246356964 0.19426415860652924 2.9952826499938965
-0.26758524775505066 0.12182792276144028 2.9352543354034424
0.11221929639577866 0.3647440969944 2.8732967376708984
-0.33060982823371887 0.1401706486940384 2.6860201358795166
0.013022792525589466 0.6316749453544617 2.788686513900757
-0.19244368374347687 0.3073020577430725 2.569159984588623
-0.027327684685587883 0.7424949407577515 2.7981088161468506
-0.1406637281179428 0.41920381784439087 2.5410077571868896
98
-0.02017141878604889 -0.9786508083343506 2.4186277389526367
-0.16871878504753113 -1.0684610605239868 2.6429202556610107
-0.026809293776750565 -0.603760838508606 2.6080081462860107
-0.2064167708158493 -0.7013396620750427 2.8297953605651855
-0.05798250809311867 -0.3411659896373749 2.923855781555176
-0.21145299077033997 -0.3499228060245514 2.915754556655884
-0.020604709163308144 0.17902429401874542 2.9957754611968994
-0.25759944319725037 0.10761237144470215 2.936525821685791
0.14341646432876587 0.3155162036418915 2.8683292865753174
-0.332934707403183 0.1099446639418602 2.6834805011749268
0.06176355108618736 0.5091599822044373 2.801558017730713
-0.18960857391357422 0.2921140491962433 2.605267286300659
-0.041871894150972366 0.636099636554718 2.820230484008789
-0.14487339556217194 0.3764054477214813 2.609105348587036
99
-0.02017141878604889 -0.9786508083343506 2.4186277389526367
-0.16871878504753113 -1.0684610605239868 2.6429202556610107
-0.026809293776750565 -0.603760838508606 2.6080081462860107
-0.2064167708158493 -0.7013396620750427 2.8297953605651855
-0.05798250809311867 -0.3411659896373749 2.923855781555176
-0.21145299077033997 -0.3499228060245514 2.915754556655884
-0.020604709163308144 0.17902429401874542 2.9957754611968994
-0.25759944319725037 0.10761237144470215 2.936525821685791
0.14341646432876587 0.3155162036418915 2.8683292865753174
-0.332934707403183 0.1099446639418602 2.6834805011749268
0.06176355108618736 0.5091599822044373 2.801558017730713
-0.18960857391357422 0.2921140491962433 2.605267286300659
-0.041871894150972366 0.636099636554718 2.820230484008789
-0.14487339556217194 0.3764054477214813 2.609105348587036
100
-0.01973375678062439 -0.9894717335700989 2.519829750061035
-0.16896232962608337 -1.1167950630187988 2.673598289489746
-0.026270588859915733 -0.6239070296287537 2.6626663208007812
-0.20821592211723328 -0.7124907970428467 2.8371241092681885
-0.053121648728847504 -0.35490238666534424 2.936796188354492
-0.21035459637641907 -0.3653387427330017 2.9269933700561523
-0.020817749202251434 0.15351107716560364 2.9946835041046143
-0.2383965253829956 0.08251442760229111 2.9372665882110596
0.1604771763086319 0.2601263225078583 2.8742475509643555
-0.3380464017391205 0.05858893319964409 2.694472312927246
0.07307373732328415 0.4504142999649048 2.803675413131714
-0.18602487444877625 0.23739729821681976 2.6353933811187744
-0.03063325770199299 0.5357847213745117 2.841472625732422
-0.1828838586807251 0.31108641624450684 2.6312503814697266
101
-0.01973375678062439 -0.9894717335700989 2.519829750061035
-0.16896232962608337 -1.1167950630187988 2.673598289489746
-0.026270588859915733 -0.6239070296287537 2.6626663208007812
-0.20821592211723328 -0.7124907970428467 2.8371241092681885
-0.053121648728847504 -0.35490238666534424 2.936796188354492
-0.21035459637641907 -0.3653387427330017 2.9269933700561523
-0.020817749202251434 0.15351107716560364 2.9946835041046143
-0.2383965253829956 0.08251442760229111 2.9372665882110596
0.1604771763086319 0.2601263225078583 2.8742475509643555
-0.3380464017391205 0.05858893319964409 2.694472312927246
0.07307373732328415 0.4504142999649048 2.803675413131714
-0.18602487444877625 0.23739729821681976 2.6353933811187744
-0.03063325770199299 0.5357847213745117 2.841472625732422
-0.1828838586807251 0.31108641624450684 2.6312503814697266
102
-0.033843994140625 -1.08203125 2.669921875
-0.16855306923389435 -1.0781474113464355 2.64835786819458
-0.023962821811437607 -0.6549941897392273 2.7114174365997314
-0.20780090987682343 -0.7139638066291809 2.8397974967956543
-0.053777992725372314 -0.347770631313324 2.9608206748962402
-0.2071431279182434 -0.3557755947113037 2.9387452602386475
-0.004190847743302584 0.16237038373947144 3.0164875984191895
-0.3099224865436554 0.1650349646806717 2.9489896297454834
0.17754310369491577 0.20152872800827026 2.872340679168701
-0.35208940505981445 0.009170283563435078 2.7296206951141357
0.06400596350431442 0.403876394033432 2.8203318119049072
-0.20635667443275452 0.15437892079353333 2.642439365386963
-0.03362080082297325 0.47312310338020325 2.875028133392334
-0.18808278441429138 0.2614567279815674 2.640359878540039
103
-0.033843994140625 -1.08203125 2.669921875
-0.16855306923389435 -1.0781474113464355 2.64835786819458
-0.023962821811437607 -0.6549941897392273 2.7114174365997314
-0.20780090987682343 -0.7139638066291809 2.8397974967956543
-0.053777992725372314 -0.347770631313324 2.9608206748962402
-0.2071431279182434 -0.3557755947113037 2.9387452602386475
-0.004190847743302584 0.16237038373947144 3.0164875984191895
-0.3099224865436554 0.1650349646806717 2.9489896297454834
0.17754310369491577 0.20152872800827026 2.872340679168701
-0.35208940505981445 0.009170283563435078 2.7296206951141357
0.06400596350431442 0.403876394033432 2.8203318119049072
-0.20635667443275452 0.15437892079353333 2.642439365386963
-0.03362080082297325 0.47312310338020325 2.875028133392334
-0.18808278441429138 0.2614567279815674 2.640359878540039
104
-0.016744229942560196 -1.0963146686553955 2.7953546047210693
-0.1681598424911499 -1.077422857284546 2.650204658508301
-0.030180448666214943 -0.6681926250457764 2.7621941566467285
-0.2056587040424347 -0.7178664803504944 2.841057300567627
-0.04617898911237717 -0.3604843318462372 2.9818270206451416
-0.2059713453054428 -0.3614136278629303 2.9443023204803467
0.0003083738265559077 0.1546884924173355 3.0213875770568848
-0.30713751912117004 0.14064139127731323 2.9435229301452637
0.18306057155132294 0.12617559731006622 2.887019634246826
-0.3540003299713135 -0.019581150263547897 2.7849056720733643
0.07910237461328506 0.30493274331092834 2.8059780597686768
-0.1749556064605713 0.09634295105934143 2.7216055393218994
0.008225803263485432 0.3699665665626526 2.874098300933838
-0.1857231855392456 0.20430675148963928 2.6490368843078613
105
-0.016744229942560196 -1.0963146686553955 2.7953546047210693
-0.1681598424911499 -1.077422857284546 2.650204658508301
-0.030180448666214943 -0.6681926250457764 2.7621941566467285
-0.2056587040424347 -0.7178664803504944 2.841057300567627
-0.04617898911237717 -0.3604843318462372 2.9818270206451416
-0.2059713453054428 -0.3614136278629303 2.9443023204803467
0.0003083738265559077 0.1546884924173355 3.0213875770568848
-0.30713751912117004 0.14064139127731323 2.9435229301452637
0.18306057155132294 0.12617559731006622 2.887019634246826
-0.3540003299713135 -0.019581150263547897 2.7849056720733643
0.07910237461328506 0.30493274331092834 2.8059780597686768
-0.1749556064605713 0.09634295105934143 2.7216055393218994
0.008225803263485432 0.3699665665626526 2.874098300933838
-0.1857231855392456 0.20430675148963928 2.6490368843078613
106
-0.007501412183046341 -1.0345685482025146 2.827453136444092
-0.16832758486270905 -1.0770032405853271 2.6520159244537354
-0.01832917518913746 -0.6883450746536255 2.810990810394287
-0.20145411789417267 -0.7222750782966614 2.842772960662842
-0.0476355254650116 -0.36689236760139465 2.9903461933135986
-0.20399047434329987 -0.3642926514148712 2.947784900665283
0.002705756574869156 0.1385372430086136 3.031071424484253
-0.28998154401779175 0.1368311494588852 2.954566240310669
0.1787046641111374 0.04289817437529564 2.9245309829711914
-0.3566492199897766 -0.09151193499565125 2.8116424083709717
0.10229943692684174 0.20202210545539856 2.784885883331299
-0.20723718404769897 0.012397716753184795 2.6781816482543945
0.02772889845073223 0.2900795042514801 2.859139919281006
-0.19790472090244293 0.10634813457727432 2.660912036895752
107
-0.007501412183046341 -1.0345685482025146 2.827453136444092
-0.16832758486270905 -1.0770032405853271 2.6520159244537354
-0.01832917518913746 -0.6883450746536255 2.810990810394287
-0.20145411789417267 -0.7222750782966614 2.842772960662842
-0.0476355254650116 -0.36689236760139465 2.9903461933135986
-0.20399047434329987 -0.3642926514148712 2.947784900665283
0.002705756574869156 0.1385372430086136 3.031071424484253
-0.28998154401779175 0.1368311494588852 2.954566240310669
0.1787046641111374 0.04289817437529564 2.9245309829711914
-0.3566492199897766 -0.09151193499565125 2.8116424083709717
0.10229943692684174 0.20202210545539856 2.784885883331299
-0.20723718404769897 0.012397716753184795 2.6781816482543945
0.02772889845073223 0.2900795042514801 2.859139919281006
-0.19790472090244293 0.10634813457727432 2.660912036895752
108
0.003485584631562233 -1.042449951171875 2.8991761207580566
-0.1742878407239914 -1.1201945543289185 2.6758015155792236
-0.020001329481601715 -0.7032150626182556 2.8670907020568848
-0.19635705649852753 -0.7175548076629639 2.843244791030884
-0.044517092406749725 -0.3642539978027344 2.9936790466308594
-0.19073398411273956 -0.361281156539917 2.9629693031311035
0.009070191532373428 0.12277529388666153 3.037062406539917
-0.26558423042297363 0.13304384052753448 2.969616651535034
0.15448814630508423 -0.035903044044971466 2.9681499004364014
-0.3409440219402313 -0.06848549097776413 2.8956754207611084
0.11663653701543808 0.10187891870737076 2.7921576499938965
-0.20441026985645294 -0.06723829358816147 2.6848559379577637
0.07690219581127167 0.2063012570142746 2.799501657485962
-0.21214517951011658 -0.030116187408566475 2.6346654891967773
109
0.003485584631562233 -1.042449951171875 2.8991761207580566
-0.1742878407239914 -1.1201945543289185 2.6758015155792236
-0.020001329481601715 -0.7032150626182556 2.8670907020568848
-0.19635705649852753 -0.7175548076629639 2.843244791030884
-0.044517092406749725 -0.3642539978027344 2.9936790466308594
-0.19073398411273956 -0.361281156539917 2.9629693031311035
0.009070191532373428 0.12277529388666153 3.037062406539917
-0.26558423042297363 0.13304384052753448 2.969616651535034
0.15448814630508423 -0.035903044044971466 2.9681499004364014
-0.3409440219402313 -0.06848549097776413 2.8956754207611084
0.11663653701543808 0.10187891870737076 2.7921576499938965
-0.20441026985645294 -0.06723829358816147 2.6848559379577637
0.07690219581127167 0.2063012570142746 2.799501657485962
-0.21214517951011658 -0.030116187408566475 2.6346654891967773
110
0.01438393909484148 -1.0609228610992432 2.9712626934051514
-0.17379635572433472 -1.120651125907898 2.6755661964416504
-0.015376986004412174 -0.7235790491104126 2.934018850326538
-0.1864289790391922 -0.7145730257034302 2.8409321308135986
-0.039382778108119965 -0.36537986993789673 3.000990390777588
-0.18397434055805206 -0.36326420307159424 2.970376491546631
0.02943556010723114 0.11332248896360397 3.0586748123168945
-0.26009124517440796 0.13027040660381317 2.975680351257324
0.09965649992227554 -0.09461766481399536 3.042444944381714
-0.3168931007385254 -0.10029592365026474 2.9484405517578125
0.1388988345861435 -0.0355558842420578 2.7917680740356445
-0.2533925771713257 -0.21151039004325867 2.760887622833252
0.14406728744506836 0.05614110082387924 2.694687843322754
-0.2059343010187149 -0.17023883759975433 2.663475513458252
111
0.01438393909484148 -1.0609228610992432 2.9712626934051514
-0.17379635572433472 -1.120651125907898 2.6755661964416504
-0.015376986004412174 -0.7235790491104126 2.934018850326538
-0.1864289790391922 -0.7145730257034302 2.8409321308135986
-0.039382778108119965 -0.36537986993789673 3.000990390777588
-0.18397434055805206 -0.36326420307159424 2.970376491546631
0.02943556010723114 0.11332248896360397 3.0586748123168945
-0.26009124517440796 0.13027040660381317 2.975680351257324
0.09965649992227554 -0.09461766481399536 3.042444944381714
-0.3168931007385254 -0.10029592365026474 2.9484405517578125
0.1388988345861435 -0.0355558842420578 2.7917680740356445
-0.2533925771713257 -0.21151039004325867 2.760887622833252
0.14406728744506836 0.05614110082387924 2.694687843322754
-0.2059343010187149 -0.17023883759975433 2.663475513458252
